# relative_time, cycles_done, cur_item, corpus_count, pending_total, pending_favs, map_size, saved_crashes, saved_hangs, max_depth, execs_per_sec, total_execs, edges_found, total_crashes, servers_count
61, 0, 0, 39, 39, 4, 12.57%, 0, 0, 2, 321.69, 19189, 426, 0, 0
66, 0, 0, 39, 39, 4, 12.57%, 0, 0, 2, 330.90, 20857, 426, 0, 0
71, 0, 0, 39, 39, 4, 12.57%, 0, 0, 2, 325.66, 22465, 426, 0, 0
76, 0, 0, 39, 39, 4, 12.57%, 0, 0, 2, 323.27, 24151, 426, 0, 0
81, 0, 0, 39, 39, 4, 12.57%, 0, 0, 2, 323.65, 25837, 426, 0, 0
86, 0, 0, 39, 39, 4, 12.57%, 0, 0, 2, 322.88, 27505, 426, 0, 0
91, 0, 0, 39, 39, 4, 12.57%, 0, 0, 2, 321.50, 29191, 426, 0, 0
96, 0, 0, 39, 39, 4, 12.57%, 0, 0, 2, 324.80, 30829, 426, 0, 0
101, 0, 0, 39, 39, 4, 12.57%, 0, 0, 2, 324.54, 32461, 426, 0, 0
106, 0, 0, 39, 39, 4, 12.57%, 0, 0, 2, 320.95, 34075, 426, 0, 0
112, 0, 0, 39, 39, 4, 12.57%, 0, 0, 2, 327.34, 35779, 426, 0, 0
117, 0, 0, 39, 39, 4, 12.57%, 0, 0, 2, 322.28, 37400, 426, 0, 0
122, 0, 0, 39, 39, 4, 12.57%, 0, 0, 2, 323.12, 39086, 426, 0, 0
127, 0, 0, 39, 39, 4, 12.57%, 0, 0, 2, 320.22, 40676, 426, 0, 0
132, 0, 0, 39, 39, 4, 12.57%, 0, 0, 2, 314.48, 42272, 426, 0, 0
137, 0, 0, 39, 39, 4, 12.57%, 0, 0, 2, 322.59, 43964, 426, 0, 0
142, 0, 0, 39, 39, 4, 12.57%, 0, 0, 2, 321.35, 45566, 426, 0, 0
147, 0, 0, 39, 39, 4, 12.57%, 0, 0, 2, 318.96, 47174, 426, 0, 0
152, 0, 0, 39, 39, 4, 12.57%, 0, 0, 2, 323.63, 48812, 426, 0, 0
157, 0, 0, 39, 39, 4, 12.57%, 0, 0, 2, 316.82, 50402, 426, 0, 0
163, 0, 1, 48, 47, 3, 12.72%, 0, 0, 2, 302.07, 51996, 431, 0, 0
168, 0, 28, 48, 34, 7, 12.72%, 0, 0, 2, 317.60, 53660, 431, 0, 0
173, 1, 2, 49, 28, 0, 12.72%, 0, 0, 2, 316.42, 55269, 431, 0, 0
178, 1, 34, 49, 26, 0, 12.72%, 0, 0, 2, 320.42, 56928, 431, 0, 0
183, 2, 1, 49, 21, 0, 12.72%, 0, 0, 2, 317.19, 58526, 431, 0, 0
188, 2, 30, 49, 19, 0, 12.72%, 0, 0, 2, 311.29, 60131, 431, 0, 0
193, 3, 23, 50, 16, 0, 12.72%, 0, 0, 3, 327.92, 61809, 431, 0, 0
198, 3, 49, 50, 12, 0, 12.72%, 0, 0, 3, 323.19, 63472, 431, 0, 0
204, 4, 30, 50, 12, 0, 12.72%, 0, 0, 3, 318.26, 65078, 431, 0, 0
209, 5, 18, 50, 9, 0, 12.72%, 0, 0, 3, 321.09, 66687, 431, 0, 0
214, 5, 49, 50, 7, 0, 12.72%, 0, 0, 3, 318.86, 68288, 431, 0, 0
219, 6, 30, 50, 7, 0, 12.72%, 0, 0, 3, 315.70, 69936, 431, 0, 0
224, 7, 16, 50, 6, 0, 12.72%, 0, 0, 3, 322.16, 71562, 431, 0, 0
229, 7, 45, 50, 4, 0, 12.72%, 0, 0, 3, 317.02, 73147, 431, 0, 0
234, 8, 28, 50, 4, 0, 12.72%, 0, 0, 3, 320.12, 74774, 431, 0, 0
239, 9, 2, 50, 2, 0, 12.72%, 0, 0, 3, 318.07, 76387, 431, 0, 0
244, 9, 42, 50, 2, 0, 12.72%, 0, 0, 3, 314.29, 78023, 431, 0, 0
249, 10, 26, 50, 0, 0, 12.72%, 0, 0, 3, 320.83, 79641, 431, 0, 0
254, 11, 14, 50, 0, 0, 12.72%, 0, 0, 3, 322.08, 81300, 431, 0, 0
260, 12, 1, 50, 0, 0, 12.72%, 0, 0, 3, 314.61, 82933, 431, 0, 0
265, 12, 34, 50, 0, 0, 12.72%, 0, 0, 3, 317.35, 84509, 431, 0, 0
270, 13, 23, 50, 0, 0, 12.72%, 0, 0, 3, 312.73, 86114, 431, 0, 0
275, 14, 10, 50, 0, 0, 12.72%, 0, 0, 3, 317.42, 87725, 431, 0, 0
280, 14, 45, 50, 0, 0, 12.72%, 0, 0, 3, 320.06, 89319, 431, 0, 0
285, 15, 27, 50, 0, 0, 12.72%, 0, 0, 3, 317.26, 90916, 431, 0, 0
290, 16, 16, 50, 0, 0, 12.72%, 0, 0, 3, 315.40, 92503, 431, 0, 0
295, 16, 49, 50, 0, 0, 12.72%, 0, 0, 3, 321.46, 94120, 431, 0, 0
300, 17, 28, 50, 0, 0, 12.72%, 0, 0, 3, 312.30, 95690, 431, 0, 0
305, 18, 20, 50, 0, 0, 12.72%, 0, 0, 3, 320.28, 97313, 431, 0, 0
310, 19, 8, 50, 0, 0, 12.72%, 0, 0, 3, 316.84, 98946, 431, 0, 0
315, 19, 45, 50, 0, 0, 12.72%, 0, 0, 3, 313.66, 100528, 431, 0, 0
320, 20, 30, 50, 0, 0, 12.72%, 0, 0, 3, 323.21, 102221, 431, 0, 0
325, 21, 23, 50, 0, 0, 12.72%, 0, 0, 3, 319.48, 103814, 431, 0, 0
331, 22, 16, 50, 0, 0, 12.72%, 0, 0, 3, 317.22, 105471, 431, 0, 0
336, 22, 49, 50, 0, 0, 12.72%, 0, 0, 3, 319.27, 107116, 431, 0, 0
341, 23, 27, 50, 0, 0, 12.72%, 0, 0, 3, 312.62, 108682, 431, 0, 0
346, 24, 20, 50, 0, 0, 12.72%, 0, 0, 3, 319.26, 110303, 431, 0, 0
351, 25, 2, 50, 0, 0, 12.72%, 0, 0, 3, 319.83, 111914, 431, 0, 0
356, 25, 40, 50, 0, 0, 12.72%, 0, 0, 3, 319.02, 113532, 431, 0, 0
361, 26, 27, 50, 0, 0, 12.72%, 0, 0, 3, 321.02, 115147, 431, 0, 0
366, 27, 20, 50, 0, 0, 12.72%, 0, 0, 3, 311.71, 116764, 431, 0, 0
371, 28, 2, 50, 0, 0, 12.72%, 0, 0, 3, 309.30, 118345, 431, 0, 0
376, 28, 45, 50, 0, 0, 12.72%, 0, 0, 3, 320.84, 120027, 431, 0, 0
382, 29, 28, 50, 0, 0, 12.72%, 0, 0, 3, 314.47, 121590, 431, 0, 0
387, 30, 22, 50, 0, 0, 12.72%, 0, 0, 3, 314.82, 123241, 431, 0, 0
392, 31, 11, 50, 0, 0, 12.72%, 0, 0, 3, 313.31, 124870, 431, 0, 0
397, 31, 42, 50, 0, 0, 12.72%, 0, 0, 3, 312.05, 126494, 431, 0, 0
402, 32, 28, 50, 0, 0, 12.72%, 0, 0, 3, 318.31, 128103, 431, 0, 0
407, 33, 18, 50, 0, 0, 12.72%, 0, 0, 3, 310.81, 129650, 431, 0, 0
412, 34, 1, 50, 0, 0, 12.72%, 0, 0, 3, 312.10, 131228, 431, 0, 0
417, 34, 37, 50, 0, 0, 12.72%, 0, 0, 3, 313.83, 132819, 431, 0, 0
422, 35, 25, 50, 0, 0, 12.72%, 0, 0, 3, 312.96, 134370, 431, 0, 0
427, 36, 14, 50, 0, 0, 12.72%, 0, 0, 3, 311.90, 135951, 431, 0, 0
432, 36, 47, 50, 0, 0, 12.72%, 0, 0, 3, 319.93, 137621, 431, 0, 0
437, 37, 27, 50, 0, 0, 12.72%, 0, 0, 3, 314.82, 139202, 431, 0, 0
443, 38, 20, 50, 0, 0, 12.72%, 0, 0, 3, 315.41, 140853, 431, 0, 0
448, 39, 2, 50, 0, 0, 12.72%, 0, 0, 3, 318.22, 142488, 431, 0, 0
453, 39, 35, 50, 0, 0, 12.72%, 0, 0, 3, 315.76, 144088, 431, 0, 0
458, 40, 26, 50, 0, 0, 12.72%, 0, 0, 3, 317.19, 145685, 431, 0, 0
463, 41, 16, 50, 0, 0, 12.72%, 0, 0, 3, 317.47, 147326, 431, 0, 0
468, 41, 47, 50, 0, 0, 12.72%, 0, 0, 3, 315.07, 148896, 431, 0, 0
473, 42, 28, 50, 0, 0, 12.72%, 0, 0, 3, 321.09, 150507, 431, 0, 0
478, 43, 20, 50, 0, 0, 12.72%, 0, 0, 3, 315.49, 152064, 431, 0, 0
483, 44, 4, 50, 0, 0, 12.72%, 0, 0, 3, 311.27, 153691, 431, 0, 0
488, 44, 45, 50, 0, 0, 12.72%, 0, 0, 3, 318.22, 155291, 431, 0, 0
493, 45, 27, 50, 0, 0, 12.72%, 0, 0, 3, 317.63, 156938, 431, 0, 0
499, 46, 20, 50, 0, 0, 12.72%, 0, 0, 3, 313.99, 158519, 431, 0, 0
504, 47, 5, 50, 0, 0, 12.72%, 0, 0, 3, 319.30, 160116, 431, 0, 0
509, 47, 42, 50, 0, 0, 12.72%, 0, 0, 3, 310.36, 161676, 431, 0, 0
514, 48, 26, 50, 0, 0, 12.72%, 0, 0, 3, 321.91, 163309, 431, 0, 0
519, 49, 15, 50, 0, 0, 12.72%, 0, 0, 3, 324.13, 164926, 431, 0, 0
524, 50, 0, 50, 0, 0, 12.72%, 0, 0, 3, 322.24, 166601, 431, 0, 0
529, 50, 37, 50, 0, 0, 12.72%, 0, 0, 3, 330.70, 168335, 431, 0, 0
534, 51, 25, 50, 0, 0, 12.72%, 0, 0, 3, 329.19, 170028, 431, 0, 0
539, 52, 16, 50, 0, 0, 12.72%, 0, 0, 3, 323.38, 171651, 431, 0, 0
544, 53, 1, 50, 0, 0, 12.72%, 0, 0, 3, 329.79, 173314, 431, 0, 0
549, 53, 37, 50, 0, 0, 12.72%, 0, 0, 3, 324.20, 174984, 431, 0, 0
555, 54, 27, 50, 0, 0, 12.72%, 0, 0, 3, 325.60, 176683, 431, 0, 0
560, 55, 18, 50, 0, 0, 12.72%, 0, 0, 3, 328.40, 178388, 431, 0, 0
565, 56, 2, 50, 0, 0, 12.72%, 0, 0, 3, 328.16, 180057, 431, 0, 0
570, 56, 37, 50, 0, 0, 12.72%, 0, 0, 3, 324.98, 181745, 431, 0, 0
575, 57, 23, 50, 0, 0, 12.72%, 0, 0, 3, 323.66, 183350, 431, 0, 0
580, 58, 16, 50, 0, 0, 12.72%, 0, 0, 3, 320.77, 185019, 431, 0, 0
585, 58, 49, 50, 0, 0, 12.72%, 0, 0, 3, 329.13, 186676, 431, 0, 0
590, 59, 32, 50, 0, 0, 12.72%, 0, 0, 3, 329.40, 188322, 431, 0, 0
596, 60, 25, 50, 0, 0, 12.72%, 0, 0, 3, 326.78, 190033, 431, 0, 0
599, 61, 5, 50, 0, 0, 12.72%, 0, 0, 3, 315.61, 191263, 431, 0, 0
