# relative_time, cycles_done, cur_item, corpus_count, pending_total, pending_favs, map_size, saved_crashes, saved_hangs, max_depth, execs_per_sec, total_execs, edges_found, total_crashes, servers_count
60, 0, 0, 40, 40, 4, 12.51%, 0, 0, 2, 323.20, 19207, 424, 0, 0
65, 0, 0, 40, 40, 4, 12.51%, 0, 0, 2, 333.61, 20893, 424, 0, 0
70, 0, 0, 40, 40, 4, 12.51%, 0, 0, 2, 327.94, 22573, 424, 0, 0
76, 0, 0, 41, 41, 4, 12.51%, 0, 0, 2, 327.12, 24284, 424, 0, 0
81, 0, 0, 41, 41, 4, 12.51%, 0, 0, 2, 326.31, 25994, 424, 0, 0
86, 0, 0, 41, 41, 4, 12.51%, 0, 0, 2, 325.34, 27620, 424, 0, 0
91, 0, 0, 41, 41, 4, 12.51%, 0, 0, 2, 325.83, 29330, 424, 0, 0
96, 0, 0, 42, 42, 4, 12.54%, 0, 0, 2, 327.25, 30975, 425, 0, 0
101, 0, 0, 42, 42, 4, 12.54%, 0, 0, 2, 326.04, 32613, 425, 0, 0
106, 0, 0, 42, 42, 4, 12.54%, 0, 0, 2, 324.59, 34323, 425, 0, 0
111, 0, 0, 42, 42, 4, 12.54%, 0, 0, 2, 330.38, 36039, 425, 0, 0
117, 0, 0, 42, 42, 4, 12.54%, 0, 0, 2, 325.00, 37689, 425, 0, 0
122, 0, 0, 42, 42, 4, 12.54%, 0, 0, 2, 327.27, 39399, 425, 0, 0
127, 0, 0, 42, 42, 4, 12.54%, 0, 0, 2, 322.15, 41007, 425, 0, 0
132, 0, 0, 43, 43, 4, 12.54%, 0, 0, 2, 318.05, 42616, 425, 0, 0
137, 0, 0, 43, 43, 4, 12.54%, 0, 0, 2, 325.02, 44254, 425, 0, 0
142, 0, 0, 43, 43, 4, 12.54%, 0, 0, 2, 324.00, 45880, 425, 0, 0
147, 0, 0, 43, 43, 4, 12.54%, 0, 0, 2, 322.42, 47518, 425, 0, 0
152, 0, 0, 43, 43, 4, 12.54%, 0, 0, 2, 327.15, 49162, 425, 0, 0
157, 0, 0, 43, 43, 4, 12.54%, 0, 0, 2, 319.74, 50830, 425, 0, 0
162, 0, 39, 45, 39, 19, 12.57%, 0, 0, 2, 322.05, 52458, 426, 0, 0
167, 0, 44, 45, 25, 5, 12.57%, 0, 0, 2, 326.24, 54095, 426, 0, 0
172, 0, 21, 46, 20, 0, 12.57%, 0, 0, 3, 322.39, 55711, 426, 0, 0
177, 1, 40, 47, 20, 0, 12.57%, 0, 0, 3, 327.17, 57358, 426, 0, 0
183, 1, 46, 52, 23, 0, 12.72%, 0, 0, 4, 324.30, 59025, 431, 0, 0
188, 1, 46, 52, 23, 0, 12.72%, 0, 0, 4, 310.67, 60579, 431, 0, 0
193, 1, 45, 53, 21, 0, 12.72%, 0, 0, 5, 323.76, 62267, 431, 0, 0
198, 1, 52, 53, 15, 0, 12.72%, 0, 0, 5, 321.88, 63939, 431, 0, 0
203, 1, 48, 53, 12, 0, 12.72%, 0, 0, 5, 322.18, 65575, 431, 0, 0
208, 1, 43, 53, 8, 0, 12.72%, 0, 0, 5, 323.56, 67243, 431, 0, 0
213, 1, 51, 53, 7, 0, 12.72%, 0, 0, 5, 321.20, 68857, 431, 0, 0
218, 2, 47, 53, 7, 0, 12.72%, 0, 0, 5, 320.77, 70475, 431, 0, 0
223, 2, 52, 53, 6, 0, 12.72%, 0, 0, 5, 327.73, 72163, 431, 0, 0
228, 2, 52, 53, 5, 0, 12.72%, 0, 0, 5, 321.14, 73777, 431, 0, 0
233, 2, 52, 53, 5, 0, 12.72%, 0, 0, 5, 326.54, 75415, 431, 0, 0
239, 2, 51, 53, 5, 0, 12.72%, 0, 0, 5, 320.93, 77060, 431, 0, 0
244, 3, 51, 53, 5, 0, 12.72%, 0, 0, 5, 318.08, 78678, 431, 0, 0
249, 3, 48, 53, 4, 0, 12.72%, 0, 0, 5, 324.68, 80362, 431, 0, 0
254, 3, 25, 53, 4, 0, 12.72%, 0, 0, 5, 324.65, 82032, 431, 0, 0
259, 3, 44, 53, 4, 0, 12.72%, 0, 0, 5, 319.10, 83650, 431, 0, 0
264, 4, 25, 53, 4, 0, 12.72%, 0, 0, 5, 319.85, 85244, 431, 0, 0
269, 4, 51, 53, 3, 0, 12.72%, 0, 0, 5, 313.23, 86820, 431, 0, 0
274, 4, 30, 53, 3, 0, 12.72%, 0, 0, 5, 321.77, 88512, 431, 0, 0
279, 4, 48, 53, 3, 0, 12.72%, 0, 0, 5, 322.15, 90118, 431, 0, 0
285, 5, 33, 53, 3, 0, 12.72%, 0, 0, 5, 320.63, 91782, 431, 0, 0
290, 5, 44, 53, 3, 0, 12.72%, 0, 0, 5, 318.21, 93436, 431, 0, 0
295, 5, 52, 55, 4, 0, 12.72%, 0, 0, 6, 322.75, 95110, 431, 0, 0
300, 5, 51, 55, 4, 0, 12.72%, 0, 0, 6, 315.51, 96700, 431, 0, 0
305, 5, 53, 55, 3, 0, 12.72%, 0, 0, 6, 323.01, 98384, 431, 0, 0
310, 5, 33, 55, 1, 0, 12.72%, 0, 0, 6, 319.62, 99992, 431, 0, 0
315, 6, 19, 55, 1, 0, 12.72%, 0, 0, 6, 316.61, 101586, 431, 0, 0
320, 6, 27, 55, 1, 0, 12.72%, 0, 0, 6, 324.75, 103225, 431, 0, 0
326, 6, 51, 55, 1, 0, 12.72%, 0, 0, 6, 321.98, 104894, 431, 0, 0
331, 6, 45, 55, 1, 0, 12.72%, 0, 0, 6, 320.26, 106556, 431, 0, 0
336, 7, 51, 55, 1, 0, 12.72%, 0, 0, 6, 323.17, 108188, 431, 0, 0
341, 7, 52, 55, 1, 0, 12.72%, 0, 0, 6, 315.82, 109822, 431, 0, 0
346, 7, 51, 55, 1, 0, 12.72%, 0, 0, 6, 322.40, 111464, 431, 0, 0
351, 7, 12, 55, 1, 0, 12.72%, 0, 0, 6, 323.43, 113086, 431, 0, 0
356, 7, 16, 55, 0, 0, 12.72%, 0, 0, 6, 321.80, 114707, 431, 0, 0
361, 8, 43, 55, 0, 0, 12.72%, 0, 0, 6, 323.33, 116331, 431, 0, 0
366, 8, 51, 55, 0, 0, 12.72%, 0, 0, 6, 313.37, 117895, 431, 0, 0
371, 8, 41, 55, 0, 0, 12.72%, 0, 0, 6, 311.74, 119489, 431, 0, 0
376, 8, 4, 55, 0, 0, 12.72%, 0, 0, 6, 322.32, 121177, 431, 0, 0
381, 9, 48, 55, 0, 0, 12.72%, 0, 0, 6, 317.84, 122765, 431, 0, 0
386, 9, 44, 55, 0, 0, 12.72%, 0, 0, 6, 317.83, 124377, 431, 0, 0
391, 9, 32, 55, 0, 0, 12.72%, 0, 0, 6, 316.45, 125971, 431, 0, 0
396, 9, 41, 55, 0, 0, 12.72%, 0, 0, 6, 314.48, 127565, 431, 0, 0
402, 10, 41, 55, 0, 0, 12.72%, 0, 0, 6, 323.78, 129259, 431, 0, 0
407, 10, 51, 55, 0, 0, 12.72%, 0, 0, 6, 314.48, 130833, 431, 0, 0
412, 10, 12, 55, 0, 0, 12.72%, 0, 0, 6, 312.85, 132407, 431, 0, 0
417, 10, 50, 55, 0, 0, 12.72%, 0, 0, 6, 318.27, 134021, 431, 0, 0
422, 10, 16, 55, 0, 0, 12.72%, 0, 0, 6, 314.41, 135589, 431, 0, 0
427, 11, 51, 55, 0, 0, 12.72%, 0, 0, 6, 316.48, 137197, 431, 0, 0
432, 11, 44, 55, 0, 0, 12.72%, 0, 0, 6, 322.61, 138819, 431, 0, 0
437, 11, 41, 55, 0, 0, 12.72%, 0, 0, 6, 316.94, 140465, 431, 0, 0
442, 11, 25, 55, 0, 0, 12.72%, 0, 0, 6, 322.74, 142095, 431, 0, 0
447, 12, 51, 55, 0, 0, 12.72%, 0, 0, 6, 322.75, 143696, 431, 0, 0
452, 12, 52, 55, 0, 0, 12.72%, 0, 0, 6, 319.38, 145358, 431, 0, 0
457, 12, 51, 55, 0, 0, 12.72%, 0, 0, 6, 322.09, 147026, 431, 0, 0
463, 12, 13, 55, 0, 0, 12.72%, 0, 0, 6, 321.30, 148682, 431, 0, 0
468, 13, 41, 55, 0, 0, 12.72%, 0, 0, 6, 316.29, 150276, 431, 0, 0
473, 13, 6, 55, 0, 0, 12.72%, 0, 0, 6, 322.38, 151958, 431, 0, 0
478, 13, 39, 55, 0, 0, 12.72%, 0, 0, 6, 318.11, 153540, 431, 0, 0
483, 13, 51, 55, 0, 0, 12.72%, 0, 0, 6, 314.85, 155194, 431, 0, 0
488, 13, 52, 55, 0, 0, 12.72%, 0, 0, 6, 320.85, 156818, 431, 0, 0
493, 14, 46, 55, 0, 0, 12.72%, 0, 0, 6, 319.41, 158418, 431, 0, 0
498, 14, 51, 55, 0, 0, 12.72%, 0, 0, 6, 317.96, 160018, 431, 0, 0
503, 14, 51, 55, 0, 0, 12.72%, 0, 0, 6, 321.79, 161636, 431, 0, 0
508, 14, 51, 55, 0, 0, 12.72%, 0, 0, 6, 313.31, 163212, 431, 0, 0
513, 15, 51, 55, 0, 0, 12.72%, 0, 0, 6, 325.01, 164866, 431, 0, 0
519, 15, 4, 55, 0, 0, 12.72%, 0, 0, 6, 325.36, 166540, 431, 0, 0
524, 15, 54, 55, 0, 0, 12.72%, 0, 0, 6, 323.15, 168166, 431, 0, 0
529, 15, 25, 55, 0, 0, 12.72%, 0, 0, 6, 332.26, 169894, 431, 0, 0
534, 16, 38, 55, 0, 0, 12.72%, 0, 0, 6, 330.30, 171540, 431, 0, 0
539, 16, 25, 55, 0, 0, 12.72%, 0, 0, 6, 326.66, 173188, 431, 0, 0
544, 16, 51, 55, 0, 0, 12.72%, 0, 0, 6, 331.77, 174860, 431, 0, 0
549, 16, 27, 55, 0, 0, 12.72%, 0, 0, 6, 325.16, 176482, 431, 0, 0
554, 16, 51, 55, 0, 0, 12.72%, 0, 0, 6, 329.29, 178212, 431, 0, 0
559, 17, 54, 55, 0, 0, 12.72%, 0, 0, 6, 329.36, 179908, 431, 0, 0
564, 17, 25, 55, 0, 0, 12.72%, 0, 0, 6, 326.17, 181594, 431, 0, 0
570, 17, 16, 55, 0, 0, 12.72%, 0, 0, 6, 328.83, 183306, 431, 0, 0
575, 17, 51, 55, 0, 0, 12.72%, 0, 0, 6, 324.49, 184920, 431, 0, 0
580, 18, 25, 55, 0, 0, 12.72%, 0, 0, 6, 322.62, 186606, 431, 0, 0
585, 18, 41, 55, 0, 0, 12.72%, 0, 0, 6, 329.69, 188270, 431, 0, 0
590, 18, 51, 55, 0, 0, 12.72%, 0, 0, 6, 332.21, 189982, 431, 0, 0
595, 18, 2, 55, 0, 0, 12.72%, 0, 0, 6, 328.82, 191694, 431, 0, 0
599, 19, 12, 55, 0, 0, 12.72%, 0, 0, 6, 328.01, 193069, 431, 0, 0
