# relative_time, cycles_done, cur_item, corpus_count, pending_total, pending_favs, map_size, saved_crashes, saved_hangs, max_depth, execs_per_sec, total_execs, edges_found, total_crashes, servers_count
61, 0, 0, 42, 42, 4, 12.57%, 0, 0, 2, 226.87, 13529, 426, 0, 0
66, 0, 0, 42, 42, 4, 12.57%, 0, 0, 2, 232.95, 14697, 426, 0, 0
71, 0, 0, 42, 42, 4, 12.57%, 0, 0, 2, 229.49, 15829, 426, 0, 0
76, 0, 0, 42, 42, 4, 12.57%, 0, 0, 2, 227.00, 16973, 426, 0, 0
81, 0, 0, 42, 42, 4, 12.57%, 0, 0, 2, 228.06, 18165, 426, 0, 0
86, 0, 0, 42, 42, 4, 12.57%, 0, 0, 2, 227.46, 19297, 426, 0, 0
91, 0, 0, 42, 42, 4, 12.57%, 0, 0, 2, 227.69, 20445, 426, 0, 0
96, 0, 0, 42, 42, 4, 12.57%, 0, 0, 2, 228.40, 21637, 426, 0, 0
101, 0, 0, 42, 42, 4, 12.57%, 0, 0, 2, 229.31, 22817, 426, 0, 0
106, 0, 0, 42, 42, 4, 12.57%, 0, 0, 2, 226.13, 24001, 426, 0, 0
112, 0, 0, 42, 42, 4, 12.57%, 0, 0, 2, 229.78, 25189, 426, 0, 0
117, 0, 0, 42, 42, 4, 12.57%, 0, 0, 2, 223.96, 26305, 426, 0, 0
122, 0, 0, 42, 42, 4, 12.57%, 0, 0, 2, 226.77, 27449, 426, 0, 0
127, 0, 0, 42, 42, 4, 12.57%, 0, 0, 2, 223.83, 28601, 426, 0, 0
132, 0, 0, 42, 42, 4, 12.57%, 0, 0, 2, 222.39, 29765, 426, 0, 0
137, 0, 0, 42, 42, 4, 12.57%, 0, 0, 2, 225.11, 30897, 426, 0, 0
142, 0, 0, 42, 42, 4, 12.57%, 0, 0, 2, 225.54, 32057, 426, 0, 0
147, 0, 0, 42, 42, 4, 12.57%, 0, 0, 2, 224.81, 33189, 426, 0, 0
152, 0, 0, 42, 42, 4, 12.57%, 0, 0, 2, 228.59, 34377, 426, 0, 0
157, 0, 0, 42, 42, 4, 12.57%, 0, 0, 2, 223.53, 35497, 426, 0, 0
162, 0, 0, 42, 42, 4, 12.57%, 0, 0, 2, 223.96, 36621, 426, 0, 0
168, 0, 0, 43, 43, 4, 12.57%, 0, 0, 2, 229.55, 37812, 426, 0, 0
173, 0, 0, 43, 43, 4, 12.57%, 0, 0, 2, 227.12, 38944, 426, 0, 0
178, 0, 0, 43, 43, 4, 12.57%, 0, 0, 2, 229.29, 40132, 426, 0, 0
183, 0, 0, 43, 43, 4, 12.57%, 0, 0, 2, 227.28, 41308, 426, 0, 0
188, 0, 0, 43, 43, 4, 12.57%, 0, 0, 2, 223.80, 42468, 426, 0, 0
193, 0, 0, 44, 44, 4, 12.57%, 0, 0, 2, 232.02, 43683, 426, 0, 0
198, 0, 0, 44, 44, 4, 12.57%, 0, 0, 2, 231.46, 44831, 426, 0, 0
203, 0, 0, 44, 44, 4, 12.57%, 0, 0, 2, 226.87, 45971, 426, 0, 0
208, 0, 0, 44, 44, 4, 12.57%, 0, 0, 2, 230.50, 47123, 426, 0, 0
213, 0, 0, 44, 44, 4, 12.57%, 0, 0, 2, 229.28, 48259, 426, 0, 0
219, 0, 0, 44, 44, 4, 12.57%, 0, 0, 2, 227.00, 49443, 426, 0, 0
224, 0, 0, 44, 44, 4, 12.57%, 0, 0, 2, 231.33, 50643, 426, 0, 0
229, 0, 0, 47, 46, 3, 12.60%, 0, 0, 2, 224.69, 51766, 427, 0, 0
234, 0, 51, 54, 47, 12, 12.72%, 0, 0, 2, 227.39, 52937, 431, 0, 0
239, 0, 33, 54, 41, 6, 12.72%, 0, 0, 2, 225.71, 54076, 431, 0, 0
244, 0, 4, 54, 35, 0, 12.72%, 0, 0, 2, 223.01, 55227, 431, 0, 0
249, 0, 4, 54, 35, 0, 12.72%, 0, 0, 2, 231.88, 56439, 431, 0, 0
255, 0, 38, 54, 33, 0, 12.72%, 0, 0, 2, 228.41, 57602, 431, 0, 0
260, 0, 36, 54, 31, 0, 12.72%, 0, 0, 2, 225.03, 58758, 431, 0, 0
265, 1, 6, 54, 30, 0, 12.72%, 0, 0, 2, 226.07, 59885, 431, 0, 0
270, 1, 15, 54, 26, 0, 12.72%, 0, 0, 2, 223.90, 60999, 431, 0, 0
275, 1, 26, 54, 20, 0, 12.72%, 0, 0, 2, 226.39, 62187, 431, 0, 0
280, 1, 35, 54, 20, 0, 12.72%, 0, 0, 2, 227.85, 63333, 431, 0, 0
285, 1, 26, 54, 16, 0, 12.72%, 0, 0, 2, 226.66, 64465, 431, 0, 0
290, 2, 52, 54, 14, 0, 12.72%, 0, 0, 2, 220.65, 65610, 431, 0, 0
295, 2, 51, 54, 10, 0, 12.72%, 0, 0, 2, 224.88, 66748, 431, 0, 0
300, 2, 4, 54, 7, 0, 12.72%, 0, 0, 2, 224.36, 67897, 431, 0, 0
305, 2, 47, 54, 6, 0, 12.72%, 0, 0, 2, 226.11, 69047, 431, 0, 0
311, 2, 46, 54, 4, 0, 12.72%, 0, 0, 2, 228.22, 70186, 431, 0, 0
316, 2, 51, 54, 4, 0, 12.72%, 0, 0, 2, 223.42, 71318, 431, 0, 0
321, 3, 46, 54, 3, 0, 12.72%, 0, 0, 2, 228.36, 72509, 431, 0, 0
326, 3, 28, 54, 3, 0, 12.72%, 0, 0, 2, 225.23, 73669, 431, 0, 0
331, 3, 26, 54, 3, 0, 12.72%, 0, 0, 2, 225.42, 74845, 431, 0, 0
336, 3, 26, 54, 3, 0, 12.72%, 0, 0, 2, 227.93, 76025, 431, 0, 0
341, 3, 46, 54, 3, 0, 12.72%, 0, 0, 2, 224.51, 77153, 431, 0, 0
346, 4, 51, 54, 3, 0, 12.72%, 0, 0, 2, 224.62, 78293, 431, 0, 0
351, 4, 26, 54, 2, 0, 12.72%, 0, 0, 2, 226.63, 79445, 431, 0, 0
357, 4, 51, 54, 2, 0, 12.72%, 0, 0, 2, 227.49, 80629, 431, 0, 0
362, 4, 16, 54, 2, 0, 12.72%, 0, 0, 2, 226.49, 81765, 431, 0, 0
367, 4, 51, 54, 2, 0, 12.72%, 0, 0, 2, 222.90, 82885, 431, 0, 0
372, 5, 38, 54, 2, 0, 12.72%, 0, 0, 2, 221.31, 83997, 431, 0, 0
377, 5, 51, 54, 2, 0, 12.72%, 0, 0, 2, 225.90, 85193, 431, 0, 0
382, 5, 21, 54, 1, 0, 12.72%, 0, 0, 2, 226.15, 86318, 431, 0, 0
387, 5, 49, 54, 1, 0, 12.72%, 0, 0, 2, 224.70, 87491, 431, 0, 0
392, 5, 2, 54, 1, 0, 12.72%, 0, 0, 2, 225.24, 88667, 431, 0, 0
397, 6, 46, 54, 1, 0, 12.72%, 0, 0, 2, 226.02, 89795, 431, 0, 0
402, 6, 51, 54, 1, 0, 12.72%, 0, 0, 2, 226.45, 90939, 431, 0, 0
408, 6, 2, 54, 1, 0, 12.72%, 0, 0, 2, 224.99, 92103, 431, 0, 0
413, 6, 49, 54, 1, 0, 12.72%, 0, 0, 2, 225.77, 93239, 431, 0, 0
418, 6, 33, 54, 1, 0, 12.72%, 0, 0, 2, 223.69, 94407, 431, 0, 0
423, 7, 38, 54, 1, 0, 12.72%, 0, 0, 2, 225.89, 95571, 431, 0, 0
428, 7, 16, 54, 1, 0, 12.72%, 0, 0, 2, 225.51, 96699, 431, 0, 0
433, 7, 29, 54, 0, 0, 12.72%, 0, 0, 2, 229.15, 97851, 431, 0, 0
438, 7, 36, 54, 0, 0, 12.72%, 0, 0, 2, 227.09, 98983, 431, 0, 0
443, 7, 19, 54, 0, 0, 12.72%, 0, 0, 2, 224.78, 100155, 431, 0, 0
448, 8, 46, 54, 0, 0, 12.72%, 0, 0, 2, 226.64, 101327, 431, 0, 0
454, 8, 36, 54, 0, 0, 12.72%, 0, 0, 2, 226.68, 102491, 431, 0, 0
459, 8, 16, 54, 0, 0, 12.72%, 0, 0, 2, 225.46, 103663, 431, 0, 0
464, 8, 38, 54, 0, 0, 12.72%, 0, 0, 2, 225.10, 104835, 431, 0, 0
469, 8, 20, 54, 0, 0, 12.72%, 0, 0, 2, 224.70, 106003, 431, 0, 0
474, 9, 26, 54, 0, 0, 12.72%, 0, 0, 2, 224.54, 107135, 431, 0, 0
479, 9, 51, 54, 0, 0, 12.72%, 0, 0, 2, 223.59, 108287, 431, 0, 0
485, 9, 26, 54, 0, 0, 12.72%, 0, 0, 2, 223.02, 109447, 431, 0, 0
490, 9, 45, 54, 0, 0, 12.72%, 0, 0, 2, 224.25, 110619, 431, 0, 0
495, 9, 33, 54, 0, 0, 12.72%, 0, 0, 2, 224.27, 111739, 431, 0, 0
500, 10, 10, 54, 0, 0, 12.72%, 0, 0, 2, 223.45, 112855, 431, 0, 0
505, 10, 33, 54, 0, 0, 12.72%, 0, 0, 2, 227.92, 114043, 431, 0, 0
510, 10, 16, 54, 0, 0, 12.72%, 0, 0, 2, 275.80, 115433, 431, 0, 0
515, 10, 33, 54, 0, 0, 12.72%, 0, 0, 2, 309.98, 117055, 431, 0, 0
520, 11, 28, 54, 0, 0, 12.72%, 0, 0, 2, 328.17, 118715, 431, 0, 0
525, 11, 51, 54, 0, 0, 12.72%, 0, 0, 2, 328.55, 120403, 431, 0, 0
531, 11, 46, 54, 0, 0, 12.72%, 0, 0, 2, 330.21, 122127, 431, 0, 0
536, 12, 51, 54, 0, 0, 12.72%, 0, 0, 2, 332.37, 123839, 431, 0, 0
541, 12, 38, 54, 0, 0, 12.72%, 0, 0, 2, 328.26, 125479, 431, 0, 0
546, 12, 16, 54, 0, 0, 12.72%, 0, 0, 2, 328.00, 127197, 431, 0, 0
551, 13, 51, 54, 0, 0, 12.72%, 0, 0, 2, 329.78, 128891, 431, 0, 0
556, 13, 29, 54, 0, 0, 12.72%, 0, 0, 2, 328.10, 130533, 431, 0, 0
561, 13, 30, 54, 0, 0, 12.72%, 0, 0, 2, 330.85, 132215, 431, 0, 0
566, 13, 48, 54, 0, 0, 12.72%, 0, 0, 2, 329.70, 133915, 431, 0, 0
572, 14, 33, 54, 0, 0, 12.72%, 0, 0, 2, 322.76, 135555, 431, 0, 0
577, 14, 46, 54, 0, 0, 12.72%, 0, 0, 2, 327.69, 137197, 431, 0, 0
582, 14, 51, 54, 0, 0, 12.72%, 0, 0, 2, 327.49, 138833, 431, 0, 0
587, 15, 30, 54, 0, 0, 12.72%, 0, 0, 2, 326.68, 140485, 431, 0, 0
592, 15, 38, 54, 0, 0, 12.72%, 0, 0, 2, 331.69, 142215, 431, 0, 0
597, 15, 33, 54, 0, 0, 12.72%, 0, 0, 2, 329.31, 143921, 431, 0, 0
599, 15, 30, 54, 0, 0, 12.72%, 0, 0, 2, 326.98, 144670, 431, 0, 0
