# relative_time, cycles_done, cur_item, corpus_count, pending_total, pending_favs, map_size, saved_crashes, saved_hangs, max_depth, execs_per_sec, total_execs, edges_found, total_crashes, servers_count
60, 0, 0, 44, 44, 4, 12.57%, 0, 0, 2, 666.24, 43625, 426, 0, 0
65, 0, 0, 45, 45, 4, 12.57%, 0, 0, 2, 675.42, 47012, 426, 0, 0
70, 0, 0, 45, 45, 4, 12.57%, 0, 0, 2, 634.08, 50167, 426, 0, 0
75, 0, 23, 46, 35, 12, 12.57%, 0, 0, 3, 600.59, 53111, 426, 0, 0
81, 0, 46, 55, 32, 1, 12.72%, 0, 0, 4, 671.33, 56587, 431, 0, 0
86, 0, 46, 56, 33, 1, 12.72%, 0, 0, 4, 655.48, 59961, 431, 0, 0
91, 0, 46, 57, 34, 1, 12.72%, 0, 0, 4, 662.09, 63439, 431, 0, 0
96, 0, 46, 57, 34, 1, 12.72%, 0, 0, 4, 375.04, 64969, 431, 0, 0
101, 0, 46, 57, 34, 1, 12.72%, 0, 0, 4, 315.46, 66481, 431, 0, 0
106, 0, 53, 58, 34, 3, 12.72%, 0, 0, 5, 308.45, 68041, 431, 0, 0
111, 1, 5, 58, 30, 0, 12.72%, 0, 0, 5, 294.84, 69548, 431, 0, 0
116, 1, 32, 58, 25, 0, 12.72%, 0, 0, 5, 283.02, 70947, 431, 0, 0
121, 1, 48, 58, 20, 0, 12.72%, 0, 0, 5, 272.45, 72384, 431, 0, 0
127, 2, 12, 58, 18, 0, 12.72%, 0, 0, 5, 297.88, 73948, 431, 0, 0
132, 2, 45, 58, 16, 0, 12.72%, 0, 0, 5, 302.57, 75499, 431, 0, 0
137, 3, 7, 58, 13, 0, 12.72%, 0, 0, 5, 310.24, 77059, 431, 0, 0
142, 3, 50, 58, 11, 0, 12.72%, 0, 0, 5, 309.67, 78686, 431, 0, 0
147, 4, 7, 58, 9, 0, 12.72%, 0, 0, 5, 311.05, 80256, 431, 0, 0
152, 4, 51, 58, 7, 0, 12.72%, 0, 0, 5, 308.22, 81798, 431, 0, 0
157, 5, 22, 58, 6, 0, 12.72%, 0, 0, 5, 313.62, 83404, 431, 0, 0
162, 5, 56, 58, 6, 0, 12.72%, 0, 0, 5, 311.87, 84946, 431, 0, 0
167, 6, 34, 58, 4, 0, 12.72%, 0, 0, 5, 309.54, 86514, 431, 0, 0
172, 7, 2, 59, 4, 0, 12.72%, 0, 0, 5, 308.72, 88086, 431, 0, 0
177, 7, 40, 59, 4, 0, 12.72%, 0, 0, 5, 309.49, 89638, 431, 0, 0
183, 8, 30, 59, 4, 0, 12.72%, 0, 0, 5, 307.30, 91256, 431, 0, 0
188, 8, 56, 59, 3, 0, 12.72%, 0, 0, 5, 310.00, 92879, 431, 0, 0
193, 9, 35, 59, 3, 0, 12.72%, 0, 0, 5, 312.90, 94459, 431, 0, 0
198, 10, 12, 59, 2, 0, 12.72%, 0, 0, 5, 306.78, 96014, 431, 0, 0
203, 10, 54, 59, 2, 0, 12.72%, 0, 0, 5, 313.64, 97592, 431, 0, 0
208, 11, 32, 59, 2, 0, 12.72%, 0, 0, 5, 305.83, 99121, 431, 0, 0
213, 12, 5, 59, 2, 0, 12.72%, 0, 0, 5, 310.76, 100693, 431, 0, 0
218, 12, 52, 59, 2, 0, 12.72%, 0, 0, 5, 306.23, 102235, 431, 0, 0
223, 13, 27, 59, 2, 0, 12.72%, 0, 0, 5, 302.06, 103775, 431, 0, 0
228, 14, 4, 59, 2, 0, 12.72%, 0, 0, 5, 308.66, 105381, 431, 0, 0
233, 14, 40, 59, 1, 0, 12.72%, 0, 0, 5, 307.20, 106916, 431, 0, 0
239, 15, 30, 59, 1, 0, 12.72%, 0, 0, 5, 304.28, 108504, 431, 0, 0
244, 15, 58, 59, 1, 0, 12.72%, 0, 0, 5, 309.90, 110339, 431, 0, 0
250, 16, 32, 59, 0, 0, 12.72%, 0, 0, 5, 302.20, 111845, 431, 0, 0
255, 17, 7, 59, 0, 0, 12.72%, 0, 0, 5, 301.02, 113423, 431, 0, 0
260, 17, 42, 59, 0, 0, 12.72%, 0, 0, 5, 310.84, 115051, 431, 0, 0
265, 18, 23, 59, 0, 0, 12.72%, 0, 0, 5, 310.57, 116605, 431, 0, 0
270, 18, 54, 59, 0, 0, 12.72%, 0, 0, 5, 309.16, 118163, 431, 0, 0
275, 19, 32, 59, 0, 0, 12.72%, 0, 0, 5, 307.20, 119751, 431, 0, 0
280, 20, 4, 59, 0, 0, 12.72%, 0, 0, 5, 303.40, 121269, 431, 0, 0
285, 20, 49, 59, 0, 0, 12.72%, 0, 0, 5, 313.38, 122919, 431, 0, 0
290, 21, 31, 59, 0, 0, 12.72%, 0, 0, 5, 315.64, 124499, 431, 0, 0
295, 22, 4, 59, 0, 0, 12.72%, 0, 0, 5, 309.36, 126057, 431, 0, 0
300, 22, 40, 59, 0, 0, 12.72%, 0, 0, 5, 311.16, 127629, 431, 0, 0
306, 23, 31, 59, 0, 0, 12.72%, 0, 0, 5, 311.99, 129229, 431, 0, 0
311, 24, 4, 59, 0, 0, 12.72%, 0, 0, 5, 305.18, 130769, 431, 0, 0
316, 24, 53, 59, 0, 0, 12.72%, 0, 0, 5, 313.87, 132417, 431, 0, 0
321, 25, 31, 59, 0, 0, 12.72%, 0, 0, 5, 307.35, 133945, 431, 0, 0
326, 26, 2, 59, 0, 0, 12.72%, 0, 0, 5, 307.96, 135569, 431, 0, 0
331, 26, 38, 59, 0, 0, 12.72%, 0, 0, 5, 309.74, 137117, 431, 0, 0
336, 27, 5, 59, 0, 0, 12.72%, 0, 0, 5, 306.30, 138651, 431, 0, 0
341, 27, 53, 59, 0, 0, 12.72%, 0, 0, 5, 311.90, 140217, 431, 0, 0
346, 28, 32, 59, 0, 0, 12.72%, 0, 0, 5, 311.60, 141769, 431, 0, 0
351, 28, 58, 59, 0, 0, 12.72%, 0, 0, 5, 306.04, 143323, 431, 0, 0
356, 29, 34, 59, 0, 0, 12.72%, 0, 0, 5, 306.21, 144851, 431, 0, 0
361, 30, 22, 59, 0, 0, 12.72%, 0, 0, 5, 304.73, 146363, 431, 0, 0
367, 30, 56, 59, 0, 0, 12.72%, 0, 0, 5, 308.37, 147981, 431, 0, 0
372, 31, 35, 59, 0, 0, 12.72%, 0, 0, 5, 311.32, 149593, 431, 0, 0
377, 32, 7, 59, 0, 0, 12.72%, 0, 0, 5, 309.29, 151145, 431, 0, 0
382, 32, 53, 59, 0, 0, 12.72%, 0, 0, 5, 305.33, 152681, 431, 0, 0
387, 33, 31, 59, 0, 0, 12.72%, 0, 0, 5, 308.68, 154235, 431, 0, 0
392, 34, 7, 59, 0, 0, 12.72%, 0, 0, 5, 304.69, 155781, 431, 0, 0
397, 34, 54, 59, 0, 0, 12.72%, 0, 0, 5, 309.78, 157341, 431, 0, 0
402, 35, 34, 59, 0, 0, 12.72%, 0, 0, 5, 309.17, 158881, 431, 0, 0
407, 36, 5, 59, 0, 0, 12.72%, 0, 0, 5, 303.34, 160411, 431, 0, 0
412, 36, 53, 59, 0, 0, 12.72%, 0, 0, 5, 312.41, 162051, 431, 0, 0
417, 37, 30, 59, 0, 0, 12.72%, 0, 0, 5, 310.27, 163599, 431, 0, 0
422, 38, 0, 59, 0, 0, 12.72%, 0, 0, 5, 307.53, 165151, 431, 0, 0
427, 38, 35, 59, 0, 0, 12.72%, 0, 0, 5, 310.90, 166723, 431, 0, 0
432, 39, 12, 59, 0, 0, 12.72%, 0, 0, 5, 305.16, 168251, 431, 0, 0
437, 39, 50, 59, 0, 0, 12.72%, 0, 0, 5, 310.14, 169825, 431, 0, 0
442, 40, 24, 59, 0, 0, 12.72%, 0, 0, 5, 311.27, 171423, 431, 0, 0
447, 40, 57, 59, 0, 0, 12.72%, 0, 0, 5, 311.84, 173005, 431, 0, 0
453, 41, 38, 59, 0, 0, 12.72%, 0, 0, 5, 312.35, 174593, 431, 0, 0
458, 42, 30, 59, 0, 0, 12.72%, 0, 0, 5, 301.37, 176157, 431, 0, 0
463, 42, 56, 59, 0, 0, 12.72%, 0, 0, 5, 299.69, 177669, 431, 0, 0
468, 43, 35, 59, 0, 0, 12.72%, 0, 0, 5, 311.30, 179307, 431, 0, 0
473, 44, 22, 59, 0, 0, 12.72%, 0, 0, 5, 307.81, 180825, 431, 0, 0
478, 44, 56, 59, 0, 0, 12.72%, 0, 0, 5, 306.59, 182433, 431, 0, 0
483, 45, 32, 59, 0, 0, 12.72%, 0, 0, 5, 305.83, 183985, 431, 0, 0
488, 46, 7, 59, 0, 0, 12.72%, 0, 0, 5, 302.41, 185501, 431, 0, 0
493, 46, 53, 59, 0, 0, 12.72%, 0, 0, 5, 310.44, 187088, 431, 0, 0
498, 47, 33, 59, 0, 0, 12.72%, 0, 0, 5, 302.50, 188655, 431, 0, 0
503, 48, 4, 59, 0, 0, 12.72%, 0, 0, 5, 304.01, 190185, 431, 0, 0
509, 48, 52, 59, 0, 0, 12.72%, 0, 0, 5, 305.27, 191781, 431, 0, 0
514, 49, 30, 59, 0, 0, 12.72%, 0, 0, 5, 305.70, 193313, 431, 0, 0
519, 50, 2, 59, 0, 0, 12.72%, 0, 0, 5, 303.02, 194867, 431, 0, 0
524, 50, 53, 59, 0, 0, 12.72%, 0, 0, 5, 312.02, 196467, 431, 0, 0
529, 51, 31, 59, 0, 0, 12.72%, 0, 0, 5, 304.99, 198031, 431, 0, 0
534, 52, 5, 59, 0, 0, 12.72%, 0, 0, 5, 306.60, 199588, 431, 0, 0
539, 52, 54, 59, 0, 0, 12.72%, 0, 0, 5, 309.24, 201137, 431, 0, 0
544, 53, 32, 59, 0, 0, 12.72%, 0, 0, 5, 307.78, 202679, 431, 0, 0
549, 54, 4, 59, 0, 0, 12.72%, 0, 0, 5, 306.85, 204229, 431, 0, 0
554, 54, 53, 59, 0, 0, 12.72%, 0, 0, 5, 308.06, 205763, 431, 0, 0
559, 55, 32, 59, 0, 0, 12.72%, 0, 0, 5, 305.85, 207351, 431, 0, 0
564, 56, 5, 59, 0, 0, 12.72%, 0, 0, 5, 310.89, 208923, 431, 0, 0
569, 56, 46, 59, 0, 0, 12.72%, 0, 0, 5, 307.09, 210451, 431, 0, 0
575, 57, 13, 59, 0, 0, 12.72%, 0, 0, 5, 301.17, 212029, 431, 0, 0
580, 57, 54, 59, 0, 0, 12.72%, 0, 0, 5, 309.09, 213589, 431, 0, 0
585, 58, 32, 60, 1, 0, 12.72%, 0, 0, 5, 308.87, 215142, 431, 0, 0
590, 59, 7, 60, 1, 0, 12.72%, 0, 0, 5, 305.26, 216682, 431, 0, 0
595, 59, 54, 60, 1, 0, 12.72%, 0, 0, 5, 311.07, 218258, 431, 0, 0
