# relative_time, cycles_done, cur_item, corpus_count, pending_total, pending_favs, map_size, saved_crashes, saved_hangs, max_depth, execs_per_sec, total_execs, edges_found, total_crashes, servers_count
60, 0, 1, 66, 66, 9, 21.70%, 0, 0, 2, 41.03, 2745, 678, 0, 0
65, 0, 1, 67, 67, 9, 21.70%, 0, 0, 2, 41.20, 2953, 678, 0, 0
71, 0, 1, 67, 67, 9, 21.70%, 0, 0, 2, 41.23, 3167, 678, 0, 0
76, 0, 1, 68, 68, 9, 21.70%, 0, 0, 2, 41.12, 3376, 678, 0, 0
81, 0, 1, 68, 68, 9, 21.70%, 0, 0, 2, 41.84, 3590, 678, 0, 0
86, 0, 1, 68, 68, 9, 21.70%, 0, 0, 2, 42.07, 3805, 678, 0, 0
91, 0, 1, 69, 69, 9, 21.83%, 0, 0, 2, 42.91, 4024, 682, 0, 0
96, 0, 1, 71, 71, 9, 21.99%, 0, 0, 2, 44.84, 4256, 687, 0, 0
101, 0, 1, 71, 71, 9, 21.99%, 0, 0, 2, 44.30, 4477, 687, 0, 0
106, 0, 1, 71, 71, 9, 21.99%, 0, 0, 2, 43.55, 4697, 687, 0, 0
111, 0, 1, 71, 71, 9, 21.99%, 0, 0, 2, 43.37, 4914, 687, 0, 0
116, 0, 1, 71, 71, 9, 21.99%, 0, 0, 2, 42.58, 5130, 687, 0, 0
121, 0, 1, 71, 71, 9, 21.99%, 0, 0, 2, 40.81, 5336, 687, 0, 0
126, 0, 1, 72, 72, 9, 22.02%, 0, 0, 2, 42.57, 5549, 688, 0, 0
131, 0, 1, 72, 72, 9, 22.02%, 0, 0, 2, 42.35, 5766, 688, 0, 0
136, 0, 1, 73, 73, 9, 22.02%, 0, 0, 2, 43.52, 5983, 688, 0, 0
142, 0, 1, 74, 74, 9, 22.06%, 0, 0, 2, 43.89, 6208, 689, 0, 0
147, 0, 1, 74, 74, 9, 22.06%, 0, 0, 2, 44.03, 6430, 689, 0, 0
152, 0, 1, 75, 75, 9, 22.09%, 0, 0, 2, 44.46, 6658, 690, 0, 0
157, 0, 1, 75, 75, 9, 22.09%, 0, 0, 2, 42.82, 6874, 690, 0, 0
162, 0, 1, 76, 76, 9, 22.18%, 0, 0, 2, 42.02, 7091, 693, 0, 0
168, 0, 2, 76, 75, 50, 22.18%, 0, 0, 2, 41.58, 7338, 693, 0, 0
173, 0, 2, 78, 77, 50, 22.18%, 0, 0, 2, 41.92, 7558, 693, 0, 0
178, 0, 3, 81, 79, 50, 22.18%, 0, 0, 2, 42.45, 7777, 693, 0, 0
183, 0, 3, 81, 79, 50, 22.18%, 0, 0, 2, 41.14, 7982, 693, 0, 0
188, 0, 3, 81, 79, 50, 22.18%, 0, 0, 2, 40.13, 8188, 693, 0, 0
194, 0, 3, 82, 80, 50, 22.22%, 0, 0, 2, 42.73, 8449, 694, 0, 0
199, 0, 3, 95, 93, 50, 22.34%, 0, 0, 2, 43.04, 8676, 698, 0, 0
204, 0, 3, 97, 95, 50, 22.41%, 0, 0, 2, 38.59, 8874, 700, 0, 0
209, 0, 3, 98, 96, 50, 22.44%, 0, 0, 2, 39.58, 9069, 701, 0, 0
215, 0, 3, 99, 97, 50, 22.44%, 0, 0, 2, 39.23, 9275, 701, 0, 0
220, 0, 3, 100, 98, 50, 22.44%, 0, 0, 2, 37.67, 9466, 701, 0, 0
225, 0, 3, 100, 98, 50, 22.44%, 0, 0, 2, 36.43, 9653, 701, 0, 0
230, 0, 3, 102, 100, 50, 22.47%, 0, 0, 2, 39.39, 9861, 702, 0, 0
235, 0, 3, 102, 100, 50, 22.47%, 0, 0, 2, 39.21, 10061, 702, 0, 0
240, 0, 3, 104, 102, 50, 22.60%, 0, 0, 2, 40.18, 10268, 706, 0, 0
245, 0, 3, 105, 103, 50, 22.66%, 0, 0, 2, 40.17, 10476, 708, 0, 0
250, 0, 3, 105, 103, 50, 22.66%, 0, 0, 2, 39.69, 10676, 708, 0, 0
255, 0, 3, 106, 104, 50, 22.98%, 0, 0, 2, 39.95, 10883, 718, 0, 0
261, 0, 3, 107, 105, 50, 22.98%, 0, 0, 2, 40.11, 11089, 718, 0, 0
266, 0, 3, 109, 107, 50, 23.08%, 0, 0, 2, 41.27, 11299, 721, 0, 0
271, 0, 3, 109, 107, 50, 23.08%, 0, 0, 2, 40.05, 11503, 721, 0, 0
276, 0, 3, 110, 108, 50, 23.08%, 0, 0, 2, 39.46, 11705, 721, 0, 0
281, 0, 3, 110, 108, 50, 23.08%, 0, 0, 2, 39.26, 11900, 721, 0, 0
286, 0, 3, 110, 108, 50, 23.08%, 0, 0, 2, 39.91, 12103, 721, 0, 0
291, 0, 3, 111, 109, 50, 23.08%, 0, 0, 2, 40.52, 12307, 721, 0, 0
296, 0, 3, 111, 109, 50, 23.08%, 0, 0, 2, 40.53, 12515, 721, 0, 0
300, 0, 3, 111, 109, 50, 23.08%, 0, 0, 2, 40.03, 12650, 721, 0, 0
