# relative_time, cycles_done, cur_item, corpus_count, pending_total, pending_favs, map_size, saved_crashes, saved_hangs, max_depth, execs_per_sec, total_execs, edges_found, total_crashes, servers_count
60, 0, 0, 41, 41, 4, 12.57%, 0, 0, 2, 323.86, 19262, 426, 0, 0
66, 0, 0, 41, 41, 4, 12.57%, 0, 0, 2, 332.65, 20948, 426, 0, 0
71, 0, 0, 42, 42, 4, 12.57%, 0, 0, 2, 327.37, 22557, 426, 0, 0
76, 0, 0, 42, 42, 4, 12.57%, 0, 0, 2, 325.05, 24261, 426, 0, 0
81, 0, 0, 42, 42, 4, 12.57%, 0, 0, 2, 324.92, 25905, 426, 0, 0
86, 0, 0, 42, 42, 4, 12.57%, 0, 0, 2, 325.32, 27531, 426, 0, 0
91, 0, 0, 42, 42, 4, 12.57%, 0, 0, 2, 325.28, 29235, 426, 0, 0
96, 0, 0, 42, 42, 4, 12.57%, 0, 0, 2, 326.81, 30885, 426, 0, 0
101, 0, 0, 42, 42, 4, 12.57%, 0, 0, 2, 325.27, 32511, 426, 0, 0
106, 0, 0, 42, 42, 4, 12.57%, 0, 0, 2, 324.03, 34203, 426, 0, 0
111, 0, 0, 42, 42, 4, 12.57%, 0, 0, 2, 328.16, 35847, 426, 0, 0
116, 0, 0, 42, 42, 4, 12.57%, 0, 0, 2, 323.40, 37527, 426, 0, 0
121, 0, 0, 42, 42, 4, 12.57%, 0, 0, 2, 328.19, 39177, 426, 0, 0
127, 0, 0, 42, 42, 4, 12.57%, 0, 0, 2, 323.16, 40839, 426, 0, 0
132, 0, 0, 42, 42, 4, 12.57%, 0, 0, 2, 316.65, 42435, 426, 0, 0
137, 0, 0, 42, 42, 4, 12.57%, 0, 0, 2, 323.81, 44121, 426, 0, 0
142, 0, 0, 42, 42, 4, 12.57%, 0, 0, 2, 323.22, 45741, 426, 0, 0
147, 0, 0, 42, 42, 4, 12.57%, 0, 0, 2, 322.07, 47379, 426, 0, 0
152, 0, 0, 42, 42, 4, 12.57%, 0, 0, 2, 327.85, 49083, 426, 0, 0
157, 0, 0, 42, 42, 4, 12.57%, 0, 0, 2, 321.28, 50691, 426, 0, 0
162, 0, 37, 46, 43, 19, 12.57%, 0, 0, 3, 320.86, 52301, 426, 0, 0
167, 0, 37, 51, 48, 19, 12.69%, 0, 0, 3, 322.27, 53908, 430, 0, 0
172, 0, 37, 52, 49, 19, 12.69%, 0, 0, 3, 317.11, 55511, 430, 0, 0
177, 0, 37, 52, 49, 19, 12.69%, 0, 0, 3, 322.73, 57137, 430, 0, 0
182, 0, 37, 53, 50, 19, 12.69%, 0, 0, 3, 320.94, 58728, 430, 0, 0
187, 0, 37, 53, 50, 19, 12.69%, 0, 0, 3, 309.53, 60282, 430, 0, 0
192, 0, 37, 53, 50, 19, 12.69%, 0, 0, 3, 323.66, 61932, 430, 0, 0
197, 0, 37, 53, 50, 19, 12.69%, 0, 0, 3, 323.14, 63546, 430, 0, 0
203, 0, 4, 54, 49, 19, 12.72%, 0, 0, 3, 321.03, 65219, 431, 0, 0
208, 0, 53, 54, 39, 9, 12.72%, 0, 0, 3, 322.29, 67003, 431, 0, 0
213, 0, 35, 54, 28, 1, 12.72%, 0, 0, 3, 320.92, 68600, 431, 0, 0
218, 0, 46, 54, 25, 0, 12.72%, 0, 0, 3, 319.02, 70226, 431, 0, 0
223, 0, 15, 54, 21, 0, 12.72%, 0, 0, 3, 323.74, 71845, 431, 0, 0
228, 1, 42, 54, 17, 0, 12.72%, 0, 0, 3, 318.77, 73494, 431, 0, 0
234, 1, 39, 55, 14, 0, 12.72%, 0, 0, 4, 322.87, 75144, 431, 0, 0
239, 1, 53, 55, 11, 0, 12.72%, 0, 0, 4, 320.75, 76775, 431, 0, 0
244, 1, 49, 55, 7, 0, 12.72%, 0, 0, 4, 318.17, 78375, 431, 0, 0
249, 2, 47, 55, 6, 0, 12.72%, 0, 0, 4, 322.26, 80107, 431, 0, 0
254, 2, 40, 55, 5, 0, 12.72%, 0, 0, 4, 323.21, 81728, 431, 0, 0
259, 2, 49, 55, 4, 0, 12.72%, 0, 0, 4, 315.88, 83350, 431, 0, 0
264, 3, 15, 55, 4, 0, 12.72%, 0, 0, 4, 319.00, 84999, 431, 0, 0
270, 3, 30, 55, 4, 0, 12.72%, 0, 0, 4, 315.19, 86617, 431, 0, 0
275, 3, 49, 55, 3, 0, 12.72%, 0, 0, 4, 319.99, 88246, 431, 0, 0
280, 3, 39, 55, 3, 0, 12.72%, 0, 0, 4, 322.76, 89915, 431, 0, 0
285, 4, 21, 55, 2, 0, 12.72%, 0, 0, 4, 320.48, 91544, 431, 0, 0
290, 4, 6, 55, 2, 0, 12.72%, 0, 0, 4, 316.99, 93144, 431, 0, 0
295, 4, 16, 55, 2, 0, 12.72%, 0, 0, 4, 323.74, 94768, 431, 0, 0
300, 4, 45, 55, 1, 0, 12.72%, 0, 0, 4, 314.72, 96368, 431, 0, 0
305, 5, 30, 55, 1, 0, 12.72%, 0, 0, 4, 322.25, 97997, 431, 0, 0
310, 5, 53, 55, 1, 0, 12.72%, 0, 0, 4, 320.63, 99584, 431, 0, 0
315, 5, 53, 55, 1, 0, 12.72%, 0, 0, 4, 316.22, 101193, 431, 0, 0
320, 6, 50, 55, 1, 0, 12.72%, 0, 0, 4, 324.57, 102884, 431, 0, 0
325, 6, 21, 55, 1, 0, 12.72%, 0, 0, 4, 320.69, 104475, 431, 0, 0
331, 6, 19, 55, 1, 0, 12.72%, 0, 0, 4, 319.58, 106149, 431, 0, 0
336, 6, 53, 55, 1, 0, 12.72%, 0, 0, 4, 323.49, 107766, 431, 0, 0
341, 7, 14, 55, 1, 0, 12.72%, 0, 0, 4, 314.57, 109342, 431, 0, 0
346, 7, 20, 55, 1, 0, 12.72%, 0, 0, 4, 323.15, 111029, 431, 0, 0
351, 7, 8, 56, 2, 0, 12.72%, 0, 0, 4, 321.61, 112629, 431, 0, 0
356, 8, 23, 56, 2, 0, 12.72%, 0, 0, 4, 321.63, 114256, 431, 0, 0
361, 8, 53, 56, 2, 0, 12.72%, 0, 0, 4, 323.63, 115949, 431, 0, 0
366, 8, 27, 56, 2, 0, 12.72%, 0, 0, 4, 313.65, 117525, 431, 0, 0
371, 8, 16, 56, 2, 0, 12.72%, 0, 0, 4, 312.55, 119100, 431, 0, 0
376, 9, 19, 56, 2, 0, 12.72%, 0, 0, 4, 323.04, 120787, 431, 0, 0
381, 9, 49, 56, 2, 0, 12.72%, 0, 0, 4, 316.11, 122357, 431, 0, 0
387, 9, 55, 56, 2, 0, 12.72%, 0, 0, 4, 316.51, 124252, 431, 0, 0
392, 9, 13, 56, 1, 0, 12.72%, 0, 0, 4, 315.54, 125844, 431, 0, 0
397, 10, 2, 56, 1, 0, 12.72%, 0, 0, 4, 316.27, 127438, 431, 0, 0
403, 10, 14, 56, 1, 0, 12.72%, 0, 0, 4, 319.25, 129113, 431, 0, 0
408, 10, 50, 56, 1, 0, 12.72%, 0, 0, 4, 314.52, 130682, 431, 0, 0
413, 11, 21, 56, 1, 0, 12.72%, 0, 0, 4, 315.14, 132267, 431, 0, 0
418, 11, 8, 56, 1, 0, 12.72%, 0, 0, 4, 313.22, 133848, 431, 0, 0
423, 11, 14, 56, 1, 0, 12.72%, 0, 0, 4, 316.25, 135423, 431, 0, 0
428, 11, 16, 56, 1, 0, 12.72%, 0, 0, 4, 314.61, 137069, 431, 0, 0
433, 12, 13, 56, 1, 0, 12.72%, 0, 0, 4, 323.88, 138699, 431, 0, 0
438, 12, 19, 56, 1, 0, 12.72%, 0, 0, 4, 318.60, 140286, 431, 0, 0
443, 12, 50, 56, 1, 0, 12.72%, 0, 0, 4, 316.88, 141951, 431, 0, 0
448, 13, 44, 56, 0, 0, 12.72%, 0, 0, 4, 321.37, 143577, 431, 0, 0
453, 13, 4, 56, 0, 0, 12.72%, 0, 0, 4, 318.23, 145171, 431, 0, 0
458, 13, 8, 56, 0, 0, 12.72%, 0, 0, 4, 317.65, 146828, 431, 0, 0
463, 13, 16, 56, 0, 0, 12.72%, 0, 0, 4, 317.55, 148464, 431, 0, 0
469, 14, 19, 56, 0, 0, 12.72%, 0, 0, 4, 318.47, 150070, 431, 0, 0
474, 14, 54, 56, 0, 0, 12.72%, 0, 0, 4, 323.69, 151687, 431, 0, 0
479, 14, 56, 57, 1, 0, 12.72%, 0, 0, 4, 320.30, 153276, 431, 0, 0
484, 14, 48, 57, 0, 0, 12.72%, 0, 0, 4, 314.31, 154917, 431, 0, 0
489, 15, 8, 57, 0, 0, 12.72%, 0, 0, 4, 319.54, 156520, 431, 0, 0
494, 15, 49, 57, 0, 0, 12.72%, 0, 0, 4, 320.96, 158131, 431, 0, 0
499, 15, 27, 57, 0, 0, 12.72%, 0, 0, 4, 314.16, 159701, 431, 0, 0
504, 15, 20, 57, 0, 0, 12.72%, 0, 0, 4, 322.54, 161318, 431, 0, 0
509, 16, 31, 57, 0, 0, 12.72%, 0, 0, 4, 314.17, 162942, 431, 0, 0
514, 16, 21, 57, 0, 0, 12.72%, 0, 0, 4, 322.79, 164580, 431, 0, 0
519, 16, 25, 57, 0, 0, 12.72%, 0, 0, 4, 328.25, 166214, 431, 0, 0
524, 17, 2, 57, 0, 0, 12.72%, 0, 0, 4, 324.51, 167895, 431, 0, 0
529, 17, 20, 57, 0, 0, 12.72%, 0, 0, 4, 331.95, 169639, 431, 0, 0
535, 17, 21, 57, 0, 0, 12.72%, 0, 0, 4, 331.72, 171331, 431, 0, 0
540, 17, 16, 57, 0, 0, 12.72%, 0, 0, 4, 327.58, 173025, 431, 0, 0
545, 18, 4, 57, 0, 0, 12.72%, 0, 0, 4, 331.82, 174700, 431, 0, 0
550, 18, 14, 57, 0, 0, 12.72%, 0, 0, 4, 327.07, 176381, 431, 0, 0
555, 18, 21, 57, 0, 0, 12.72%, 0, 0, 4, 327.11, 178031, 431, 0, 0
560, 19, 14, 57, 0, 0, 12.72%, 0, 0, 4, 323.88, 179725, 431, 0, 0
565, 19, 21, 57, 0, 0, 12.72%, 0, 0, 4, 328.02, 181431, 431, 0, 0
570, 19, 53, 57, 0, 0, 12.72%, 0, 0, 4, 325.11, 183083, 431, 0, 0
576, 19, 16, 57, 0, 0, 12.72%, 0, 0, 4, 325.18, 184761, 431, 0, 0
581, 20, 39, 57, 0, 0, 12.72%, 0, 0, 4, 323.30, 186383, 431, 0, 0
586, 20, 14, 57, 0, 0, 12.72%, 0, 0, 4, 329.42, 188051, 431, 0, 0
591, 20, 27, 57, 0, 0, 12.72%, 0, 0, 4, 331.55, 189757, 431, 0, 0
596, 21, 25, 57, 0, 0, 12.72%, 0, 0, 4, 328.18, 191408, 431, 0, 0
599, 21, 16, 57, 0, 0, 12.72%, 0, 0, 4, 322.78, 192523, 431, 0, 0
