# relative_time, cycles_done, cur_item, corpus_count, pending_total, pending_favs, map_size, saved_crashes, saved_hangs, max_depth, execs_per_sec, total_execs, edges_found, total_crashes, servers_count
60, 0, 0, 43, 43, 4, 12.49%, 0, 0, 2, 321.39, 19168, 423, 0, 0
65, 0, 0, 43, 43, 4, 12.49%, 0, 0, 2, 331.17, 20848, 423, 0, 0
70, 0, 0, 43, 43, 4, 12.49%, 0, 0, 2, 324.59, 22450, 423, 0, 0
76, 0, 0, 43, 43, 4, 12.49%, 0, 0, 2, 322.47, 24130, 423, 0, 0
81, 0, 0, 43, 43, 4, 12.49%, 0, 0, 2, 324.25, 25780, 423, 0, 0
86, 0, 0, 43, 43, 4, 12.49%, 0, 0, 2, 322.89, 27388, 423, 0, 0
91, 0, 0, 43, 43, 4, 12.49%, 0, 0, 2, 323.70, 29026, 423, 0, 0
96, 0, 0, 44, 44, 4, 12.54%, 0, 0, 2, 325.56, 30665, 425, 0, 0
101, 0, 0, 44, 44, 4, 12.54%, 0, 0, 2, 322.82, 32279, 425, 0, 0
106, 0, 0, 45, 45, 4, 12.54%, 0, 0, 2, 323.66, 33924, 425, 0, 0
111, 0, 0, 46, 46, 4, 12.54%, 0, 0, 2, 327.13, 35557, 425, 0, 0
116, 0, 0, 46, 46, 4, 12.54%, 0, 0, 2, 320.51, 37232, 425, 0, 0
121, 0, 0, 46, 46, 4, 12.54%, 0, 0, 2, 327.91, 38882, 425, 0, 0
126, 0, 0, 46, 46, 4, 12.54%, 0, 0, 2, 321.59, 40472, 425, 0, 0
131, 0, 0, 46, 46, 4, 12.54%, 0, 0, 2, 316.51, 42116, 425, 0, 0
136, 0, 0, 46, 46, 4, 12.54%, 0, 0, 2, 322.51, 43796, 425, 0, 0
141, 0, 0, 46, 46, 4, 12.54%, 0, 0, 2, 319.90, 45410, 425, 0, 0
146, 0, 0, 46, 46, 4, 12.54%, 0, 0, 2, 321.53, 47030, 425, 0, 0
151, 0, 0, 46, 46, 4, 12.54%, 0, 0, 2, 325.66, 48662, 425, 0, 0
157, 0, 0, 46, 46, 4, 12.54%, 0, 0, 2, 321.07, 50282, 425, 0, 0
162, 0, 1, 51, 50, 27, 12.57%, 0, 0, 2, 321.12, 51893, 426, 0, 0
167, 0, 7, 51, 37, 14, 12.57%, 0, 0, 2, 322.09, 53510, 426, 0, 0
172, 0, 26, 53, 28, 2, 12.57%, 0, 0, 2, 316.70, 55157, 426, 0, 0
177, 0, 48, 59, 32, 0, 12.72%, 0, 0, 2, 321.11, 56770, 431, 0, 0
182, 0, 48, 60, 33, 0, 12.72%, 0, 0, 2, 317.89, 58355, 431, 0, 0
187, 0, 48, 60, 33, 0, 12.72%, 0, 0, 2, 309.60, 59927, 431, 0, 0
192, 0, 48, 60, 33, 0, 12.72%, 0, 0, 2, 321.81, 61541, 431, 0, 0
197, 0, 48, 60, 33, 0, 12.72%, 0, 0, 2, 320.33, 63209, 431, 0, 0
202, 0, 48, 60, 33, 0, 12.72%, 0, 0, 2, 321.45, 64835, 431, 0, 0
207, 0, 48, 60, 33, 0, 12.72%, 0, 0, 2, 318.95, 66437, 431, 0, 0
212, 0, 48, 60, 33, 0, 12.72%, 0, 0, 2, 316.21, 68033, 431, 0, 0
217, 0, 42, 60, 27, 0, 12.72%, 0, 0, 2, 319.38, 69660, 431, 0, 0
223, 0, 52, 60, 25, 0, 12.72%, 0, 0, 2, 321.41, 71362, 431, 0, 0
228, 1, 49, 60, 23, 0, 12.72%, 0, 0, 2, 314.56, 72995, 431, 0, 0
233, 1, 32, 60, 17, 0, 12.72%, 0, 0, 2, 321.57, 74661, 431, 0, 0
238, 1, 20, 60, 15, 0, 12.72%, 0, 0, 2, 318.60, 76276, 431, 0, 0
243, 1, 20, 60, 13, 0, 12.72%, 0, 0, 2, 316.66, 77895, 431, 0, 0
248, 1, 21, 60, 12, 0, 12.72%, 0, 0, 2, 321.88, 79519, 431, 0, 0
253, 2, 21, 60, 10, 0, 12.72%, 0, 0, 2, 320.89, 81117, 431, 0, 0
258, 2, 7, 60, 7, 0, 12.72%, 0, 0, 2, 318.24, 82725, 431, 0, 0
263, 2, 41, 60, 7, 0, 12.72%, 0, 0, 2, 316.17, 84343, 431, 0, 0
269, 2, 41, 60, 6, 0, 12.72%, 0, 0, 2, 312.52, 85921, 431, 0, 0
274, 3, 32, 60, 6, 0, 12.72%, 0, 0, 2, 319.93, 87593, 431, 0, 0
279, 3, 4, 60, 4, 0, 12.72%, 0, 0, 2, 320.25, 89198, 431, 0, 0
284, 3, 32, 60, 3, 0, 12.72%, 0, 0, 2, 317.07, 90806, 431, 0, 0
289, 3, 4, 60, 3, 0, 12.72%, 0, 0, 2, 318.72, 92418, 431, 0, 0
294, 4, 50, 60, 3, 0, 12.72%, 0, 0, 2, 322.64, 94030, 431, 0, 0
299, 4, 38, 60, 2, 0, 12.72%, 0, 0, 2, 316.96, 95627, 431, 0, 0
304, 4, 43, 60, 2, 0, 12.72%, 0, 0, 2, 320.26, 97272, 431, 0, 0
309, 5, 21, 60, 2, 0, 12.72%, 0, 0, 2, 317.25, 98854, 431, 0, 0
314, 5, 16, 60, 2, 0, 12.72%, 0, 0, 2, 316.43, 100454, 431, 0, 0
319, 5, 39, 60, 2, 0, 12.72%, 0, 0, 2, 322.83, 102084, 431, 0, 0
324, 5, 6, 60, 1, 0, 12.72%, 0, 0, 2, 318.71, 103694, 431, 0, 0
329, 6, 15, 60, 1, 0, 12.72%, 0, 0, 2, 323.12, 105364, 431, 0, 0
334, 6, 13, 60, 1, 0, 12.72%, 0, 0, 2, 319.79, 106951, 431, 0, 0
340, 6, 50, 60, 1, 0, 12.72%, 0, 0, 2, 314.29, 108593, 431, 0, 0
345, 6, 43, 60, 1, 0, 12.72%, 0, 0, 2, 321.49, 110211, 431, 0, 0
350, 7, 50, 60, 1, 0, 12.72%, 0, 0, 2, 317.55, 111857, 431, 0, 0
355, 7, 13, 60, 1, 0, 12.72%, 0, 0, 2, 322.25, 113499, 431, 0, 0
360, 7, 41, 60, 1, 0, 12.72%, 0, 0, 2, 320.16, 115123, 431, 0, 0
365, 7, 13, 60, 1, 0, 12.72%, 0, 0, 2, 316.97, 116723, 431, 0, 0
370, 8, 21, 60, 1, 0, 12.72%, 0, 0, 2, 315.13, 118293, 431, 0, 0
375, 8, 13, 60, 1, 0, 12.72%, 0, 0, 2, 321.09, 119899, 431, 0, 0
380, 8, 32, 60, 0, 0, 12.72%, 0, 0, 2, 314.22, 121467, 431, 0, 0
385, 8, 50, 60, 0, 0, 12.72%, 0, 0, 2, 321.72, 123115, 431, 0, 0
390, 9, 58, 60, 0, 0, 12.72%, 0, 0, 2, 319.36, 124767, 431, 0, 0
395, 9, 30, 60, 0, 0, 12.72%, 0, 0, 2, 313.41, 126345, 431, 0, 0
400, 9, 27, 61, 1, 0, 12.72%, 0, 0, 2, 321.14, 127958, 431, 0, 0
405, 9, 16, 61, 1, 0, 12.72%, 0, 0, 2, 317.43, 129546, 431, 0, 0
410, 10, 50, 61, 1, 0, 12.72%, 0, 0, 2, 312.52, 131110, 431, 0, 0
416, 10, 21, 61, 0, 0, 12.72%, 0, 0, 2, 319.71, 132745, 431, 0, 0
421, 10, 27, 61, 0, 0, 12.72%, 0, 0, 2, 310.02, 134297, 431, 0, 0
426, 10, 27, 61, 0, 0, 12.72%, 0, 0, 2, 318.97, 135909, 431, 0, 0
431, 11, 32, 61, 0, 0, 12.72%, 0, 0, 2, 319.53, 137497, 431, 0, 0
436, 11, 21, 61, 0, 0, 12.72%, 0, 0, 2, 314.42, 139081, 431, 0, 0
441, 11, 21, 61, 0, 0, 12.72%, 0, 0, 2, 322.15, 140697, 431, 0, 0
446, 11, 46, 61, 0, 0, 12.72%, 0, 0, 2, 320.26, 142297, 431, 0, 0
451, 12, 41, 61, 0, 0, 12.72%, 0, 0, 2, 316.91, 143951, 431, 0, 0
456, 12, 43, 61, 0, 0, 12.72%, 0, 0, 2, 319.20, 145551, 431, 0, 0
461, 12, 32, 61, 0, 0, 12.72%, 0, 0, 2, 315.67, 147121, 431, 0, 0
466, 12, 50, 61, 0, 0, 12.72%, 0, 0, 2, 317.78, 148733, 431, 0, 0
471, 13, 21, 61, 0, 0, 12.72%, 0, 0, 2, 317.58, 150321, 431, 0, 0
476, 13, 41, 61, 0, 0, 12.72%, 0, 0, 2, 316.11, 151921, 431, 0, 0
481, 13, 32, 61, 0, 0, 12.72%, 0, 0, 2, 320.52, 153587, 431, 0, 0
486, 13, 42, 61, 0, 0, 12.72%, 0, 0, 2, 316.23, 155215, 431, 0, 0
491, 14, 50, 61, 0, 0, 12.72%, 0, 0, 2, 314.62, 156803, 431, 0, 0
496, 14, 42, 61, 0, 0, 12.72%, 0, 0, 2, 315.95, 158403, 431, 0, 0
501, 14, 27, 61, 0, 0, 12.72%, 0, 0, 2, 317.41, 159990, 431, 0, 0
507, 14, 27, 61, 0, 0, 12.72%, 0, 0, 2, 315.07, 161645, 431, 0, 0
512, 15, 16, 61, 0, 0, 12.72%, 0, 0, 2, 321.36, 163257, 431, 0, 0
517, 15, 38, 61, 0, 0, 12.72%, 0, 0, 2, 320.30, 164881, 431, 0, 0
522, 15, 33, 61, 0, 0, 12.72%, 0, 0, 2, 323.80, 166581, 431, 0, 0
527, 15, 48, 61, 0, 0, 12.72%, 0, 0, 2, 329.69, 168287, 431, 0, 0
532, 16, 50, 61, 0, 0, 12.72%, 0, 0, 2, 327.34, 169990, 431, 0, 0
537, 16, 32, 61, 0, 0, 12.72%, 0, 0, 2, 328.10, 171644, 431, 0, 0
543, 16, 32, 61, 0, 0, 12.72%, 0, 0, 2, 329.30, 173344, 431, 0, 0
548, 17, 39, 61, 0, 0, 12.72%, 0, 0, 2, 321.90, 174965, 431, 0, 0
553, 17, 41, 61, 0, 0, 12.72%, 0, 0, 2, 329.84, 176626, 431, 0, 0
558, 17, 6, 61, 0, 0, 12.72%, 0, 0, 2, 327.86, 178326, 431, 0, 0
563, 17, 27, 61, 0, 0, 12.72%, 0, 0, 2, 324.14, 179956, 431, 0, 0
568, 18, 6, 61, 0, 0, 12.72%, 0, 0, 2, 327.23, 181662, 431, 0, 0
573, 18, 15, 61, 0, 0, 12.72%, 0, 0, 2, 322.76, 183272, 431, 0, 0
578, 18, 50, 61, 0, 0, 12.72%, 0, 0, 2, 325.17, 184908, 431, 0, 0
583, 18, 21, 61, 0, 0, 12.72%, 0, 0, 2, 328.57, 186544, 431, 0, 0
588, 19, 6, 61, 0, 0, 12.72%, 0, 0, 2, 326.56, 188183, 431, 0, 0
593, 19, 32, 61, 0, 0, 12.72%, 0, 0, 2, 332.84, 189859, 431, 0, 0
598, 19, 61, 62, 1, 0, 12.72%, 0, 0, 3, 327.76, 191503, 431, 0, 0
599, 19, 55, 62, 0, 0, 12.72%, 0, 0, 3, 325.08, 191883, 431, 0, 0
