# relative_time, cycles_done, cur_item, corpus_count, pending_total, pending_favs, map_size, saved_crashes, saved_hangs, max_depth, execs_per_sec, total_execs, edges_found, total_crashes, servers_count
61, 0, 3, 152, 150, 73, 23.54%, 0, 1, 2, 556.37, 37673, 735, 0, 0
66, 0, 3, 155, 153, 73, 24.06%, 0, 1, 2, 555.07, 40499, 751, 0, 0
71, 0, 3, 156, 154, 73, 24.06%, 0, 1, 2, 546.47, 43261, 751, 0, 0
76, 0, 3, 157, 155, 73, 24.09%, 0, 1, 2, 549.57, 46024, 752, 0, 0
81, 0, 3, 160, 158, 73, 24.18%, 0, 1, 2, 546.00, 48779, 755, 0, 0
86, 0, 3, 163, 161, 73, 24.25%, 0, 1, 2, 553.44, 51621, 757, 0, 0
91, 0, 3, 165, 163, 73, 24.44%, 0, 1, 2, 548.50, 54451, 763, 0, 0
96, 0, 3, 165, 163, 73, 24.44%, 0, 1, 2, 549.70, 57245, 763, 0, 0
101, 0, 3, 167, 165, 73, 24.47%, 0, 1, 2, 551.10, 60118, 764, 0, 0
107, 0, 3, 167, 165, 73, 24.47%, 0, 1, 2, 556.35, 62979, 764, 0, 0
112, 0, 3, 169, 167, 73, 24.57%, 0, 1, 2, 559.02, 65853, 767, 0, 0
117, 0, 3, 171, 169, 73, 24.76%, 0, 1, 2, 561.29, 68738, 773, 0, 0
122, 0, 3, 173, 171, 73, 24.79%, 0, 1, 2, 545.48, 71501, 774, 0, 0
127, 0, 3, 174, 172, 73, 24.82%, 0, 1, 2, 543.12, 74249, 775, 0, 0
132, 0, 3, 174, 172, 73, 24.82%, 0, 1, 2, 551.66, 77033, 775, 0, 0
137, 0, 3, 176, 174, 73, 24.86%, 0, 1, 2, 543.17, 79743, 776, 0, 0
142, 0, 4, 181, 178, 93, 24.89%, 0, 1, 2, 537.05, 82593, 777, 0, 0
147, 0, 7, 196, 189, 90, 25.18%, 0, 1, 2, 521.65, 85246, 786, 0, 0
152, 0, 7, 208, 201, 90, 25.46%, 0, 1, 2, 507.85, 87761, 795, 0, 0
158, 0, 7, 212, 205, 90, 25.56%, 0, 1, 2, 512.39, 90439, 798, 0, 0
163, 0, 7, 215, 208, 90, 25.69%, 0, 1, 2, 505.11, 92980, 802, 0, 0
168, 0, 7, 218, 211, 90, 25.72%, 0, 1, 2, 504.53, 95531, 803, 0, 0
173, 0, 7, 225, 218, 90, 25.91%, 0, 1, 2, 512.38, 98121, 809, 0, 0
178, 0, 7, 230, 223, 90, 26.07%, 0, 1, 2, 487.24, 100613, 814, 0, 0
183, 0, 7, 237, 230, 90, 26.30%, 0, 1, 2, 469.02, 102967, 821, 0, 0
188, 0, 7, 240, 233, 90, 26.52%, 0, 1, 2, 494.96, 105571, 828, 0, 0
193, 0, 7, 241, 234, 90, 26.65%, 0, 1, 2, 500.40, 108074, 832, 0, 0
198, 0, 7, 244, 237, 90, 26.81%, 0, 1, 2, 500.32, 110567, 837, 0, 0
203, 0, 7, 247, 240, 90, 26.81%, 0, 1, 2, 506.99, 113146, 837, 0, 0
208, 0, 7, 248, 241, 90, 26.87%, 0, 1, 2, 512.77, 115743, 839, 0, 0
213, 0, 7, 248, 241, 90, 26.87%, 0, 1, 2, 500.66, 118218, 839, 0, 0
218, 0, 7, 248, 241, 90, 26.87%, 0, 1, 2, 514.44, 120843, 839, 0, 0
224, 0, 7, 249, 242, 90, 26.87%, 0, 1, 2, 508.81, 123441, 839, 0, 0
229, 0, 8, 258, 250, 121, 27.13%, 0, 1, 2, 521.05, 126118, 847, 0, 0
234, 0, 9, 276, 266, 119, 27.13%, 0, 1, 2, 513.58, 128666, 847, 0, 0
239, 0, 9, 290, 280, 119, 27.19%, 0, 1, 2, 532.86, 131446, 849, 0, 0
244, 0, 9, 294, 284, 119, 27.32%, 0, 1, 2, 538.01, 134245, 853, 0, 0
249, 0, 9, 299, 289, 119, 27.35%, 0, 1, 2, 513.79, 136830, 854, 0, 0
254, 0, 9, 300, 290, 119, 27.35%, 0, 1, 2, 533.87, 139617, 854, 0, 0
259, 0, 9, 302, 292, 119, 27.39%, 0, 1, 2, 514.38, 142181, 855, 0, 0
264, 0, 9, 303, 293, 119, 27.39%, 0, 1, 2, 518.84, 144768, 855, 0, 0
269, 0, 9, 304, 294, 119, 27.39%, 0, 1, 2, 531.50, 147436, 855, 0, 0
274, 0, 9, 304, 294, 119, 27.39%, 0, 1, 2, 534.29, 150136, 855, 0, 0
280, 0, 9, 305, 295, 119, 27.39%, 0, 1, 2, 542.74, 152953, 855, 0, 0
285, 0, 9, 306, 296, 119, 27.39%, 0, 1, 2, 540.13, 155730, 855, 0, 0
290, 0, 9, 307, 297, 119, 27.51%, 0, 1, 2, 546.32, 158510, 859, 0, 0
295, 0, 9, 307, 297, 119, 27.51%, 0, 1, 2, 548.36, 161267, 859, 0, 0
300, 0, 9, 308, 298, 119, 27.51%, 0, 1, 2, 552.78, 164061, 859, 0, 0
305, 0, 9, 308, 298, 119, 27.51%, 0, 1, 2, 544.72, 166814, 859, 0, 0
310, 0, 9, 309, 299, 119, 27.61%, 0, 1, 2, 543.25, 169621, 862, 0, 0
315, 0, 9, 310, 300, 119, 27.61%, 0, 1, 2, 551.52, 172424, 862, 0, 0
320, 0, 9, 313, 303, 119, 27.61%, 0, 1, 2, 568.78, 175282, 862, 0, 0
325, 0, 9, 315, 305, 119, 28.06%, 0, 1, 2, 578.89, 178300, 876, 0, 0
331, 0, 9, 315, 305, 119, 28.06%, 0, 1, 2, 576.82, 181304, 876, 0, 0
336, 0, 45, 316, 295, 112, 28.06%, 0, 1, 3, 573.26, 184176, 876, 0, 0
341, 0, 61, 317, 284, 100, 28.06%, 0, 1, 3, 575.80, 187086, 876, 0, 0
346, 0, 90, 320, 276, 89, 28.06%, 0, 1, 3, 576.27, 190019, 876, 0, 0
351, 0, 90, 324, 280, 89, 28.32%, 0, 1, 3, 582.69, 193047, 884, 0, 0
356, 0, 90, 326, 282, 89, 28.38%, 0, 1, 3, 576.84, 196042, 886, 0, 0
361, 0, 90, 327, 283, 89, 28.44%, 0, 1, 3, 578.54, 199052, 888, 0, 0
366, 0, 90, 327, 283, 89, 28.44%, 0, 1, 3, 572.02, 201990, 888, 0, 0
372, 0, 90, 329, 285, 89, 28.51%, 0, 1, 3, 570.91, 204930, 890, 0, 0
377, 0, 90, 330, 286, 89, 28.51%, 0, 1, 3, 578.08, 207929, 890, 0, 0
382, 0, 90, 330, 286, 89, 28.51%, 0, 1, 3, 571.06, 210756, 890, 0, 0
387, 0, 90, 330, 286, 89, 28.51%, 0, 1, 3, 557.56, 213550, 890, 0, 0
392, 0, 90, 330, 286, 89, 28.51%, 0, 1, 3, 568.13, 216421, 890, 0, 0
397, 0, 90, 331, 287, 89, 28.57%, 0, 1, 3, 569.08, 219299, 892, 0, 0
402, 0, 90, 333, 289, 89, 28.57%, 0, 1, 3, 563.94, 222140, 892, 0, 0
407, 0, 90, 333, 289, 89, 28.57%, 0, 1, 3, 579.04, 225143, 892, 0, 0
412, 0, 90, 336, 292, 89, 28.64%, 0, 1, 3, 577.78, 228145, 894, 0, 0
417, 0, 90, 336, 292, 89, 28.64%, 0, 1, 3, 585.08, 231159, 894, 0, 0
423, 0, 90, 336, 292, 89, 28.64%, 0, 1, 3, 585.37, 234173, 894, 0, 0
428, 0, 90, 338, 294, 89, 28.70%, 0, 1, 3, 590.26, 237256, 896, 0, 0
433, 0, 90, 339, 295, 89, 28.70%, 0, 1, 3, 578.59, 240222, 896, 0, 0
438, 0, 86, 340, 288, 89, 28.70%, 0, 1, 3, 588.92, 243424, 896, 0, 0
444, 0, 97, 344, 287, 84, 28.70%, 0, 1, 3, 587.11, 246541, 896, 0, 0
449, 0, 113, 344, 281, 78, 28.70%, 0, 1, 3, 578.43, 249511, 896, 0, 0
454, 0, 117, 344, 277, 74, 28.70%, 0, 1, 3, 578.87, 252469, 896, 0, 0
459, 0, 139, 344, 270, 67, 28.70%, 0, 1, 3, 586.45, 255508, 896, 0, 0
464, 0, 151, 344, 268, 65, 28.70%, 0, 1, 3, 590.49, 258532, 896, 0, 0
470, 0, 154, 345, 267, 63, 28.86%, 0, 1, 3, 587.91, 261944, 901, 0, 0
476, 0, 156, 359, 280, 69, 29.15%, 0, 1, 3, 586.59, 265730, 910, 0, 0
482, 0, 162, 359, 278, 67, 29.15%, 0, 1, 3, 588.31, 268901, 910, 0, 0
487, 0, 173, 364, 278, 63, 29.21%, 0, 1, 3, 589.33, 271939, 912, 0, 0
492, 0, 224, 364, 272, 57, 29.21%, 0, 1, 3, 599.94, 274975, 912, 0, 0
497, 0, 308, 365, 262, 46, 29.21%, 0, 1, 4, 592.90, 277819, 912, 0, 0
502, 0, 358, 365, 254, 38, 29.21%, 0, 1, 4, 584.03, 280757, 912, 0, 0
507, 0, 319, 367, 247, 29, 29.24%, 0, 1, 4, 585.90, 283784, 913, 0, 0
512, 0, 292, 368, 235, 16, 29.31%, 0, 1, 4, 568.57, 286639, 915, 0, 0
517, 0, 362, 371, 230, 9, 29.31%, 0, 1, 4, 582.35, 289592, 915, 0, 0
522, 0, 362, 381, 240, 9, 29.56%, 0, 1, 4, 566.43, 292443, 923, 0, 0
527, 0, 362, 382, 241, 9, 29.56%, 0, 1, 4, 553.13, 295189, 923, 0, 0
533, 0, 362, 385, 244, 9, 29.56%, 0, 1, 4, 575.64, 298191, 923, 0, 0
539, 0, 314, 387, 244, 9, 29.56%, 0, 1, 4, 575.21, 302069, 923, 0, 0
544, 0, 388, 390, 240, 6, 29.63%, 0, 1, 4, 571.81, 305035, 925, 0, 0
550, 0, 371, 417, 264, 7, 29.69%, 0, 1, 5, 548.20, 307824, 927, 0, 0
555, 0, 371, 434, 281, 7, 29.76%, 0, 1, 5, 534.45, 310415, 929, 0, 0
560, 0, 398, 435, 280, 7, 29.76%, 0, 1, 6, 555.17, 313297, 929, 0, 0
565, 0, 231, 436, 272, 2, 29.79%, 0, 1, 6, 551.86, 316042, 930, 0, 0
570, 0, 369, 436, 268, 1, 29.79%, 0, 1, 6, 497.29, 318606, 930, 0, 0
575, 0, 436, 438, 266, 1, 29.79%, 0, 1, 6, 565.43, 321796, 930, 0, 0
580, 0, 142, 438, 263, 0, 29.79%, 0, 1, 6, 576.08, 324752, 930, 0, 0
586, 0, 326, 438, 260, 0, 29.79%, 0, 1, 6, 585.75, 327797, 930, 0, 0
591, 0, 342, 440, 259, 0, 29.79%, 0, 1, 6, 594.66, 330871, 930, 0, 0
597, 0, 218, 441, 256, 0, 29.79%, 0, 1, 6, 597.73, 334509, 930, 0, 0
602, 0, 419, 443, 254, 0, 29.79%, 0, 1, 6, 586.78, 337528, 930, 0, 0
607, 0, 436, 444, 253, 0, 29.79%, 0, 1, 6, 590.81, 340600, 930, 0, 0
612, 0, 248, 444, 249, 0, 29.79%, 0, 1, 6, 580.50, 343617, 930, 0, 0
618, 0, 385, 446, 248, 0, 29.85%, 0, 1, 6, 582.22, 346640, 932, 0, 0
623, 0, 328, 449, 249, 0, 29.85%, 0, 1, 6, 591.26, 349886, 932, 0, 0
628, 0, 354, 451, 247, 0, 29.85%, 0, 1, 6, 574.28, 352806, 932, 0, 0
633, 0, 358, 451, 246, 0, 29.85%, 0, 1, 6, 575.98, 355779, 932, 0, 0
638, 0, 319, 451, 244, 0, 29.85%, 0, 1, 6, 574.59, 358760, 932, 0, 0
644, 1, 376, 451, 240, 0, 29.85%, 0, 1, 6, 581.51, 361684, 932, 0, 0
649, 1, 140, 452, 233, 0, 29.85%, 0, 1, 6, 571.69, 364548, 932, 0, 0
654, 1, 450, 455, 231, 0, 29.85%, 0, 1, 6, 572.93, 367505, 932, 0, 0
659, 1, 249, 455, 227, 0, 29.85%, 0, 1, 6, 580.48, 370512, 932, 0, 0
664, 1, 342, 455, 221, 0, 29.85%, 0, 1, 6, 572.37, 373366, 932, 0, 0
669, 1, 112, 455, 217, 0, 29.85%, 0, 1, 6, 568.73, 376221, 932, 0, 0
675, 1, 144, 456, 215, 0, 29.85%, 0, 1, 6, 559.08, 379459, 932, 0, 0
680, 1, 457, 461, 216, 1, 29.92%, 0, 1, 6, 534.86, 382205, 934, 0, 0
685, 1, 419, 465, 216, 0, 29.92%, 0, 1, 6, 529.58, 384860, 934, 0, 0
690, 1, 419, 469, 220, 0, 29.92%, 0, 1, 6, 542.41, 387708, 934, 0, 0
695, 1, 419, 470, 221, 0, 29.92%, 0, 1, 6, 551.11, 390511, 934, 0, 0
700, 1, 419, 472, 223, 0, 29.92%, 0, 1, 6, 564.44, 393396, 934, 0, 0
705, 1, 419, 474, 225, 0, 29.92%, 0, 1, 6, 569.52, 396281, 934, 0, 0
710, 1, 419, 478, 227, 0, 29.92%, 0, 1, 7, 566.15, 399146, 934, 0, 0
716, 1, 125, 479, 227, 0, 29.92%, 0, 1, 7, 572.35, 402262, 934, 0, 0
721, 1, 125, 484, 232, 0, 29.95%, 0, 1, 7, 569.13, 405201, 935, 0, 0
726, 1, 125, 488, 236, 0, 29.95%, 0, 1, 7, 570.27, 408067, 935, 0, 0
731, 1, 125, 488, 236, 0, 29.95%, 0, 1, 7, 568.63, 410949, 935, 0, 0
736, 1, 125, 489, 237, 0, 29.95%, 0, 1, 7, 572.76, 413827, 935, 0, 0
742, 1, 479, 489, 236, 1, 29.95%, 0, 1, 7, 572.49, 416863, 935, 0, 0
747, 1, 77, 493, 233, 0, 30.01%, 0, 1, 7, 573.72, 419747, 937, 0, 0
752, 1, 488, 495, 231, 0, 30.01%, 0, 1, 7, 594.16, 422836, 937, 0, 0
757, 1, 353, 497, 230, 0, 30.01%, 0, 1, 7, 596.03, 425819, 937, 0, 0
762, 1, 422, 499, 228, 0, 30.01%, 0, 1, 7, 587.16, 428845, 937, 0, 0
767, 1, 162, 500, 224, 0, 30.01%, 0, 1, 7, 577.60, 431768, 937, 0, 0
773, 1, 407, 500, 223, 0, 30.01%, 0, 1, 7, 581.05, 435003, 937, 0, 0
778, 1, 308, 501, 220, 0, 30.01%, 0, 1, 7, 579.77, 437889, 937, 0, 0
783, 1, 383, 501, 216, 0, 30.01%, 0, 1, 7, 574.12, 440831, 937, 0, 0
788, 1, 377, 502, 213, 0, 30.01%, 0, 1, 7, 570.04, 443685, 937, 0, 0
793, 1, 134, 502, 212, 0, 30.01%, 0, 1, 7, 584.54, 446688, 937, 0, 0
798, 1, 381, 502, 209, 0, 30.01%, 0, 1, 7, 532.42, 449420, 937, 0, 0
803, 1, 172, 502, 206, 0, 30.01%, 0, 1, 7, 542.02, 452036, 937, 0, 0
808, 1, 343, 503, 202, 0, 30.01%, 0, 1, 7, 563.76, 455020, 937, 0, 0
814, 1, 156, 503, 193, 0, 30.01%, 0, 1, 7, 574.71, 458022, 937, 0, 0
819, 1, 345, 503, 191, 0, 30.01%, 0, 1, 7, 580.52, 461083, 937, 0, 0
824, 1, 497, 503, 188, 0, 30.01%, 0, 1, 7, 582.32, 464102, 937, 0, 0
829, 1, 80, 503, 185, 0, 30.01%, 0, 1, 7, 596.16, 467210, 937, 0, 0
834, 1, 87, 504, 184, 0, 30.01%, 0, 1, 7, 590.33, 470212, 937, 0, 0
840, 1, 505, 506, 182, 1, 30.14%, 0, 1, 7, 580.42, 473219, 941, 0, 0
845, 1, 507, 513, 187, 2, 30.37%, 0, 1, 7, 575.56, 476107, 948, 0, 0
850, 1, 497, 513, 182, 0, 30.37%, 0, 1, 7, 505.76, 478586, 948, 0, 0
855, 1, 438, 513, 178, 0, 30.37%, 0, 1, 7, 549.64, 481394, 948, 0, 0
860, 1, 279, 516, 176, 0, 30.37%, 0, 1, 7, 565.87, 484345, 948, 0, 0
865, 1, 346, 516, 171, 0, 30.37%, 0, 1, 7, 550.56, 487126, 948, 0, 0
870, 1, 155, 517, 168, 0, 30.40%, 0, 1, 7, 564.02, 489988, 949, 0, 0
875, 1, 94, 517, 165, 0, 30.40%, 0, 1, 7, 573.31, 492875, 949, 0, 0
880, 1, 416, 517, 160, 0, 30.40%, 0, 1, 7, 572.90, 495744, 949, 0, 0
885, 1, 472, 517, 156, 0, 30.40%, 0, 1, 7, 577.22, 498726, 949, 0, 0
890, 1, 483, 519, 154, 0, 30.40%, 0, 1, 7, 583.27, 501740, 949, 0, 0
895, 1, 168, 522, 154, 0, 30.40%, 0, 1, 7, 581.98, 504646, 949, 0, 0
900, 1, 496, 522, 150, 0, 30.40%, 0, 1, 7, 581.64, 507560, 949, 0, 0
907, 2, 433, 523, 150, 0, 30.40%, 0, 1, 7, 557.33, 511018, 949, 0, 0
912, 2, 453, 531, 157, 0, 30.40%, 0, 1, 7, 572.45, 514011, 949, 0, 0
917, 2, 453, 534, 160, 0, 30.40%, 0, 1, 7, 567.29, 516870, 949, 0, 0
922, 2, 453, 536, 162, 0, 30.40%, 0, 1, 7, 569.96, 519832, 949, 0, 0
928, 2, 453, 537, 163, 0, 30.40%, 0, 1, 7, 572.87, 522820, 949, 0, 0
933, 2, 500, 538, 162, 0, 30.40%, 0, 1, 7, 564.07, 525811, 949, 0, 0
938, 2, 24, 538, 159, 0, 30.40%, 0, 1, 7, 565.88, 528653, 949, 0, 0
943, 2, 538, 539, 159, 1, 30.43%, 0, 1, 7, 551.13, 531584, 950, 0, 0
948, 2, 531, 542, 159, 0, 30.43%, 0, 1, 7, 561.59, 534441, 950, 0, 0
954, 2, 352, 544, 158, 0, 30.43%, 0, 1, 7, 582.68, 537497, 950, 0, 0
959, 2, 539, 545, 158, 0, 30.46%, 0, 1, 7, 552.82, 540248, 951, 0, 0
964, 2, 250, 546, 155, 0, 30.62%, 0, 1, 7, 541.59, 542954, 956, 0, 0
969, 2, 401, 547, 152, 0, 30.62%, 0, 1, 7, 538.71, 545697, 956, 0, 0
974, 2, 156, 548, 152, 0, 30.62%, 0, 1, 7, 532.46, 548449, 956, 0, 0
979, 2, 551, 553, 155, 1, 30.72%, 0, 1, 8, 531.41, 551187, 959, 0, 0
984, 2, 370, 554, 153, 0, 30.72%, 0, 1, 8, 536.76, 553898, 959, 0, 0
989, 2, 477, 555, 151, 0, 30.72%, 0, 1, 8, 543.62, 556636, 959, 0, 0
994, 2, 519, 557, 150, 0, 30.72%, 0, 1, 8, 554.95, 559436, 959, 0, 0
999, 2, 506, 557, 149, 0, 30.72%, 0, 1, 8, 571.60, 562383, 959, 0, 0
1004, 2, 557, 558, 149, 1, 30.72%, 0, 1, 8, 571.50, 565276, 959, 0, 0
1009, 2, 421, 559, 146, 0, 30.75%, 0, 1, 8, 539.12, 568065, 960, 0, 0
1014, 2, 543, 559, 143, 0, 30.75%, 0, 1, 8, 556.06, 570904, 960, 0, 0
1019, 2, 157, 561, 140, 0, 30.75%, 0, 1, 8, 562.23, 573707, 960, 0, 0
1024, 2, 57, 562, 139, 0, 30.75%, 0, 1, 8, 576.10, 576631, 960, 0, 0
1030, 2, 239, 562, 137, 0, 30.75%, 0, 1, 8, 581.79, 579977, 960, 0, 0
1035, 2, 412, 562, 135, 0, 30.75%, 0, 1, 8, 584.05, 582998, 960, 0, 0
1040, 2, 445, 562, 133, 0, 30.75%, 0, 1, 8, 596.84, 585974, 960, 0, 0
1046, 2, 501, 563, 132, 0, 30.75%, 0, 1, 9, 590.85, 589050, 960, 0, 0
1051, 2, 190, 564, 133, 0, 30.75%, 0, 1, 9, 585.02, 591937, 960, 0, 0
1056, 2, 485, 564, 130, 0, 30.75%, 0, 1, 9, 585.11, 594970, 960, 0, 0
1061, 2, 387, 564, 127, 0, 30.75%, 0, 1, 9, 582.13, 597879, 960, 0, 0
1066, 2, 547, 565, 124, 0, 30.75%, 0, 1, 9, 573.53, 600758, 960, 0, 0
1071, 2, 553, 566, 124, 0, 30.75%, 0, 1, 9, 578.29, 603659, 960, 0, 0
1076, 2, 373, 566, 122, 0, 30.75%, 0, 1, 9, 559.78, 606489, 960, 0, 0
1081, 2, 563, 570, 124, 0, 30.75%, 0, 1, 9, 566.87, 609330, 960, 0, 0
1086, 2, 78, 570, 123, 0, 30.75%, 0, 1, 9, 572.62, 612221, 960, 0, 0
1091, 2, 467, 570, 122, 0, 30.75%, 0, 1, 9, 558.68, 615007, 960, 0, 0
1096, 2, 496, 570, 120, 0, 30.75%, 0, 1, 9, 574.87, 618033, 960, 0, 0
1101, 2, 570, 572, 121, 1, 30.78%, 0, 1, 9, 560.10, 620875, 961, 0, 0
1107, 2, 312, 572, 120, 0, 30.78%, 0, 1, 9, 565.86, 623711, 961, 0, 0
1112, 2, 439, 572, 118, 0, 30.78%, 0, 1, 9, 571.25, 626606, 961, 0, 0
1117, 2, 445, 572, 116, 0, 30.78%, 0, 1, 9, 576.82, 629593, 961, 0, 0
1123, 2, 429, 572, 116, 0, 30.78%, 0, 1, 9, 577.68, 633288, 961, 0, 0
1128, 2, 564, 578, 121, 0, 30.78%, 0, 1, 9, 578.40, 636289, 961, 0, 0
1134, 2, 564, 578, 121, 0, 30.78%, 0, 1, 9, 583.84, 639314, 961, 0, 0
1139, 2, 564, 580, 123, 0, 30.78%, 0, 1, 9, 583.95, 642232, 961, 0, 0
1144, 2, 564, 580, 123, 0, 30.78%, 0, 1, 9, 591.44, 645279, 961, 0, 0
1149, 2, 501, 580, 121, 0, 30.78%, 0, 1, 9, 581.57, 648183, 961, 0, 0
1154, 2, 512, 581, 119, 0, 30.78%, 0, 1, 9, 556.50, 650917, 961, 0, 0
1159, 2, 473, 582, 118, 0, 30.78%, 0, 1, 9, 568.24, 653893, 961, 0, 0
1164, 2, 55, 583, 117, 0, 30.78%, 0, 1, 9, 579.43, 656862, 961, 0, 0
1169, 3, 396, 584, 115, 0, 30.78%, 0, 1, 9, 565.35, 659711, 961, 0, 0
1176, 3, 571, 585, 114, 0, 30.78%, 0, 1, 9, 563.53, 663452, 961, 0, 0
1181, 3, 351, 585, 111, 0, 30.78%, 0, 1, 9, 562.54, 666288, 961, 0, 0
1186, 3, 121, 585, 108, 0, 30.78%, 0, 1, 9, 571.29, 669151, 961, 0, 0
1191, 3, 109, 585, 107, 0, 30.78%, 0, 1, 9, 560.18, 671968, 961, 0, 0
1196, 3, 337, 585, 104, 0, 30.78%, 0, 1, 9, 570.90, 674836, 961, 0, 0
1201, 3, 120, 585, 103, 0, 30.78%, 0, 1, 9, 578.62, 677774, 961, 0, 0
1206, 3, 572, 586, 103, 0, 30.78%, 0, 1, 9, 573.49, 680685, 961, 0, 0
1211, 3, 181, 586, 100, 0, 30.78%, 0, 1, 9, 540.85, 683379, 961, 0, 0
1216, 3, 49, 586, 98, 0, 30.78%, 0, 1, 9, 539.37, 686101, 961, 0, 0
1221, 3, 408, 588, 99, 0, 30.81%, 0, 1, 9, 566.07, 689004, 962, 0, 0
1226, 3, 461, 588, 98, 0, 30.81%, 0, 1, 9, 555.69, 691855, 962, 0, 0
1231, 3, 470, 588, 97, 0, 30.81%, 0, 1, 9, 556.77, 694653, 962, 0, 0
1236, 3, 342, 588, 94, 0, 30.81%, 0, 1, 9, 581.28, 697567, 962, 0, 0
1242, 3, 501, 588, 90, 0, 30.81%, 0, 1, 9, 568.97, 700454, 962, 0, 0
1247, 3, 570, 588, 90, 0, 30.81%, 0, 1, 9, 577.56, 703385, 962, 0, 0
1252, 3, 369, 589, 91, 0, 30.81%, 0, 1, 9, 593.17, 706405, 962, 0, 0
1257, 3, 589, 591, 92, 1, 30.85%, 0, 1, 9, 574.39, 709289, 963, 0, 0
1262, 3, 331, 592, 90, 0, 30.85%, 0, 1, 9, 556.03, 712047, 963, 0, 0
1267, 3, 124, 593, 91, 0, 30.85%, 0, 1, 9, 572.08, 715024, 963, 0, 0
1272, 3, 330, 595, 90, 0, 30.88%, 0, 1, 9, 569.65, 717904, 964, 0, 0
1277, 3, 20, 597, 88, 0, 30.88%, 0, 1, 9, 575.97, 720778, 964, 0, 0
1283, 3, 387, 597, 86, 0, 30.88%, 0, 1, 9, 585.47, 724567, 964, 0, 0
1289, 3, 64, 597, 84, 0, 30.88%, 0, 1, 9, 585.16, 727601, 964, 0, 0
1294, 3, 404, 597, 83, 0, 30.88%, 0, 1, 9, 580.60, 730509, 964, 0, 0
1299, 3, 24, 597, 81, 0, 30.88%, 0, 1, 9, 584.35, 733445, 964, 0, 0
1304, 3, 486, 597, 80, 0, 30.88%, 0, 1, 9, 580.76, 736465, 964, 0, 0
1309, 3, 551, 599, 81, 0, 30.88%, 0, 1, 9, 573.32, 739353, 964, 0, 0
1314, 3, 312, 599, 80, 0, 30.88%, 0, 1, 9, 579.24, 742210, 964, 0, 0
1319, 3, 529, 599, 77, 0, 30.88%, 0, 1, 9, 572.18, 745110, 964, 0, 0
1324, 3, 310, 599, 77, 0, 30.88%, 0, 1, 9, 585.54, 748140, 964, 0, 0
1329, 3, 462, 599, 76, 0, 30.88%, 0, 1, 9, 582.71, 751129, 964, 0, 0
1334, 3, 462, 603, 80, 0, 30.88%, 0, 1, 9, 571.22, 753886, 964, 0, 0
1340, 3, 490, 603, 78, 0, 30.88%, 0, 1, 9, 577.15, 756894, 964, 0, 0
1345, 3, 380, 603, 78, 0, 30.88%, 0, 1, 9, 574.64, 759783, 964, 0, 0
1350, 3, 181, 604, 78, 0, 30.88%, 0, 1, 9, 572.58, 762782, 964, 0, 0
1356, 3, 213, 604, 77, 0, 30.88%, 0, 1, 9, 573.60, 766408, 964, 0, 0
1361, 3, 544, 607, 79, 0, 30.88%, 0, 1, 9, 564.20, 769376, 964, 0, 0
1367, 4, 475, 607, 78, 0, 30.88%, 0, 1, 9, 580.42, 772392, 964, 0, 0
1372, 4, 606, 607, 76, 0, 30.88%, 0, 1, 9, 576.89, 775284, 964, 0, 0
1377, 4, 5, 609, 76, 0, 30.88%, 0, 1, 9, 576.95, 778276, 964, 0, 0
1382, 4, 603, 609, 75, 0, 30.88%, 0, 1, 9, 574.21, 781118, 964, 0, 0
1387, 4, 508, 612, 76, 0, 30.88%, 0, 1, 9, 558.50, 783908, 964, 0, 0
1392, 4, 239, 612, 73, 0, 30.88%, 0, 1, 9, 566.38, 786816, 964, 0, 0
1397, 4, 565, 613, 73, 0, 30.88%, 0, 1, 9, 561.32, 789648, 964, 0, 0
1402, 4, 192, 613, 72, 0, 30.88%, 0, 1, 9, 569.25, 792591, 964, 0, 0
1407, 4, 597, 613, 70, 0, 30.88%, 0, 1, 9, 570.61, 795478, 964, 0, 0
1412, 4, 405, 614, 70, 0, 30.88%, 0, 1, 9, 577.55, 798359, 964, 0, 0
1418, 4, 545, 615, 68, 0, 30.88%, 0, 1, 9, 582.00, 801401, 964, 0, 0
1423, 4, 618, 631, 81, 2, 30.88%, 0, 1, 9, 559.20, 804212, 964, 0, 0
1428, 4, 618, 636, 86, 2, 30.88%, 0, 1, 9, 556.65, 806975, 964, 0, 0
1433, 4, 618, 636, 86, 2, 30.88%, 0, 1, 9, 561.50, 809846, 964, 0, 0
1438, 4, 618, 637, 87, 2, 30.88%, 0, 1, 9, 562.04, 812713, 964, 0, 0
1443, 4, 618, 639, 89, 2, 30.88%, 0, 1, 9, 564.32, 815565, 964, 0, 0
1448, 4, 631, 640, 88, 1, 30.88%, 0, 1, 9, 561.83, 818302, 964, 0, 0
1453, 4, 631, 642, 90, 1, 30.88%, 0, 1, 9, 560.79, 821176, 964, 0, 0
1458, 4, 537, 644, 88, 0, 30.88%, 0, 1, 9, 561.65, 824115, 964, 0, 0
1463, 4, 617, 644, 87, 0, 30.88%, 0, 1, 9, 567.15, 827047, 964, 0, 0
1469, 4, 387, 645, 85, 0, 30.88%, 0, 1, 9, 556.59, 829950, 964, 0, 0
1474, 4, 631, 651, 90, 0, 30.88%, 0, 1, 9, 563.57, 832745, 964, 0, 0
1479, 4, 631, 652, 91, 0, 30.88%, 0, 1, 9, 561.13, 835579, 964, 0, 0
1484, 4, 32, 652, 91, 0, 30.88%, 0, 1, 9, 571.04, 838450, 964, 0, 0
1489, 4, 239, 652, 90, 0, 30.88%, 0, 1, 9, 569.65, 841350, 964, 0, 0
1494, 4, 484, 652, 87, 0, 30.88%, 0, 1, 9, 578.32, 844351, 964, 0, 0
1499, 4, 598, 653, 87, 0, 30.88%, 0, 1, 9, 569.23, 847327, 964, 0, 0
1504, 4, 622, 655, 88, 0, 30.88%, 0, 1, 9, 568.94, 850184, 964, 0, 0
1509, 4, 391, 656, 87, 0, 30.88%, 0, 1, 9, 580.73, 853103, 964, 0, 0
1514, 4, 46, 656, 84, 0, 30.88%, 0, 1, 9, 574.64, 855973, 964, 0, 0
1519, 4, 445, 656, 83, 0, 30.88%, 0, 1, 9, 560.13, 858780, 964, 0, 0
1525, 4, 595, 658, 84, 0, 30.88%, 0, 1, 9, 572.30, 862070, 964, 0, 0
1530, 4, 653, 658, 83, 0, 30.88%, 0, 1, 9, 562.88, 865005, 964, 0, 0
1536, 4, 173, 661, 85, 0, 30.88%, 0, 1, 9, 565.71, 868400, 964, 0, 0
1541, 4, 64, 662, 83, 0, 30.88%, 0, 1, 9, 571.33, 871286, 964, 0, 0
1546, 4, 646, 663, 82, 0, 30.88%, 0, 1, 9, 580.53, 874276, 964, 0, 0
1551, 4, 391, 663, 81, 0, 30.88%, 0, 1, 9, 588.89, 877318, 964, 0, 0
1557, 4, 658, 666, 84, 0, 30.88%, 0, 1, 10, 554.84, 880120, 964, 0, 0
1562, 4, 658, 667, 85, 0, 30.88%, 0, 1, 10, 552.38, 882921, 964, 0, 0
1567, 4, 614, 668, 84, 0, 30.88%, 0, 1, 10, 549.64, 885719, 964, 0, 0
1572, 4, 178, 670, 86, 0, 30.88%, 0, 1, 10, 556.35, 888543, 964, 0, 0
1577, 4, 499, 670, 85, 0, 30.88%, 0, 1, 10, 580.74, 891490, 964, 0, 0
1584, 4, 558, 670, 82, 0, 30.88%, 0, 1, 10, 582.84, 895536, 964, 0, 0
1589, 4, 660, 671, 82, 0, 30.91%, 0, 1, 10, 585.79, 898566, 965, 0, 0
1594, 4, 642, 672, 81, 0, 30.91%, 0, 1, 10, 540.74, 901243, 965, 0, 0
1599, 4, 544, 672, 80, 0, 30.91%, 0, 1, 10, 570.04, 904220, 965, 0, 0
1604, 4, 659, 672, 79, 0, 30.91%, 0, 1, 10, 578.17, 907195, 965, 0, 0
1610, 4, 352, 673, 78, 0, 30.91%, 0, 1, 10, 577.61, 910192, 965, 0, 0
1615, 5, 575, 673, 78, 0, 30.91%, 0, 1, 10, 583.68, 913222, 965, 0, 0
1621, 5, 496, 674, 78, 0, 30.91%, 0, 1, 10, 577.32, 916744, 965, 0, 0
1626, 5, 540, 674, 77, 0, 30.91%, 0, 1, 10, 568.71, 919773, 965, 0, 0
1631, 5, 614, 674, 74, 0, 30.91%, 0, 1, 10, 562.41, 922568, 965, 0, 0
1636, 5, 668, 678, 77, 0, 30.91%, 0, 1, 10, 537.18, 925327, 965, 0, 0
1641, 5, 680, 682, 78, 0, 30.91%, 0, 1, 10, 539.54, 928045, 965, 0, 0
1647, 5, 682, 688, 83, 1, 30.91%, 0, 1, 11, 552.15, 930905, 965, 0, 0
1652, 5, 689, 690, 83, 0, 30.91%, 0, 1, 11, 571.69, 933844, 965, 0, 0
1657, 5, 666, 690, 82, 0, 30.91%, 0, 1, 11, 549.41, 936591, 965, 0, 0
1662, 5, 539, 691, 81, 0, 30.91%, 0, 1, 11, 533.59, 939212, 965, 0, 0
1667, 5, 681, 692, 82, 0, 30.91%, 0, 1, 11, 505.61, 941840, 965, 0, 0
1672, 5, 631, 692, 78, 0, 30.91%, 0, 1, 11, 525.42, 944434, 965, 0, 0
1677, 5, 387, 693, 79, 0, 30.94%, 0, 1, 11, 553.32, 947258, 966, 0, 0
1682, 5, 690, 693, 78, 0, 30.94%, 0, 1, 11, 482.50, 949593, 966, 0, 0
1687, 5, 690, 693, 78, 0, 30.94%, 0, 1, 11, 204.90, 950225, 966, 0, 0
1692, 5, 167, 695, 79, 0, 30.94%, 0, 1, 12, 283.99, 951391, 966, 0, 0
1697, 5, 693, 695, 79, 0, 30.94%, 0, 1, 12, 190.86, 952437, 966, 0, 0
1702, 5, 693, 697, 81, 0, 30.94%, 0, 1, 13, 159.04, 953178, 966, 0, 0
1707, 5, 693, 700, 84, 0, 30.94%, 0, 1, 13, 136.27, 953829, 966, 0, 0
1712, 5, 693, 701, 85, 0, 30.94%, 0, 1, 13, 130.15, 954480, 966, 0, 0
1718, 5, 693, 701, 85, 0, 30.94%, 0, 1, 13, 123.68, 955106, 966, 0, 0
1723, 5, 693, 702, 86, 0, 30.94%, 0, 1, 13, 125.59, 955741, 966, 0, 0
1728, 5, 693, 702, 86, 0, 30.94%, 0, 1, 13, 125.84, 956363, 966, 0, 0
1733, 5, 693, 702, 86, 0, 30.94%, 0, 1, 13, 126.60, 957009, 966, 0, 0
1738, 5, 693, 702, 86, 0, 30.94%, 0, 1, 13, 125.22, 957663, 966, 0, 0
1743, 5, 693, 702, 86, 0, 30.94%, 0, 1, 13, 121.43, 958273, 966, 0, 0
1748, 5, 693, 702, 86, 0, 30.94%, 0, 1, 13, 125.16, 958919, 966, 0, 0
1753, 5, 693, 702, 86, 0, 30.94%, 0, 1, 13, 126.20, 959571, 966, 0, 0
1759, 5, 693, 702, 86, 0, 30.94%, 0, 1, 13, 125.99, 960227, 966, 0, 0
1764, 5, 693, 702, 86, 0, 30.94%, 0, 1, 13, 126.10, 960875, 966, 0, 0
1769, 5, 693, 703, 87, 0, 30.94%, 0, 1, 13, 124.64, 961518, 966, 0, 0
1774, 5, 693, 703, 87, 0, 30.94%, 0, 1, 13, 124.68, 962146, 966, 0, 0
1781, 5, 208, 703, 86, 0, 30.94%, 0, 1, 13, 153.82, 963788, 966, 0, 0
1786, 5, 187, 703, 86, 0, 30.94%, 0, 1, 13, 289.56, 966706, 966, 0, 0
1791, 5, 570, 703, 84, 0, 30.94%, 0, 1, 13, 466.82, 969614, 966, 0, 0
1796, 5, 700, 703, 82, 0, 30.94%, 0, 1, 13, 368.17, 971654, 966, 0, 0
1803, 5, 700, 703, 82, 0, 30.94%, 0, 1, 13, 181.82, 972622, 966, 0, 0
1808, 5, 695, 703, 81, 0, 30.94%, 0, 1, 13, 138.98, 973271, 966, 0, 0
1813, 5, 654, 703, 79, 0, 30.94%, 0, 1, 13, 357.31, 974933, 966, 0, 0
1818, 5, 694, 704, 78, 0, 30.94%, 0, 2, 13, 197.08, 976697, 966, 0, 0
1823, 5, 694, 704, 78, 0, 30.94%, 0, 2, 13, 140.61, 977349, 966, 0, 0
1828, 5, 692, 704, 77, 0, 30.94%, 0, 2, 13, 279.83, 978657, 966, 0, 0
1833, 5, 677, 704, 74, 0, 30.94%, 0, 2, 13, 497.93, 981513, 966, 0, 0
1840, 5, 539, 704, 71, 0, 30.94%, 0, 2, 13, 554.21, 985190, 966, 0, 0
1845, 5, 703, 704, 70, 0, 30.94%, 0, 2, 13, 555.38, 987999, 966, 0, 0
1850, 5, 677, 704, 66, 0, 30.94%, 0, 2, 13, 572.93, 990917, 966, 0, 0
1855, 5, 178, 704, 64, 0, 30.94%, 0, 2, 13, 580.60, 993952, 966, 0, 0
1860, 5, 696, 704, 63, 0, 30.94%, 0, 2, 13, 268.00, 995071, 966, 0, 0
1865, 5, 696, 704, 63, 0, 30.94%, 0, 2, 13, 180.24, 995798, 966, 0, 0
1870, 5, 674, 705, 61, 0, 30.94%, 0, 2, 13, 482.88, 998597, 966, 0, 0
1875, 5, 691, 708, 62, 0, 30.94%, 0, 2, 13, 521.49, 1001308, 966, 0, 0
1880, 5, 691, 709, 63, 0, 30.94%, 0, 2, 13, 509.81, 1003865, 966, 0, 0
1885, 5, 306, 709, 62, 0, 30.94%, 0, 2, 13, 517.68, 1006543, 966, 0, 0
1891, 5, 586, 709, 60, 0, 30.94%, 0, 2, 13, 528.27, 1009252, 966, 0, 0
1896, 5, 61, 709, 60, 0, 30.94%, 0, 2, 13, 559.18, 1012174, 966, 0, 0
1901, 5, 244, 709, 58, 0, 30.94%, 0, 2, 13, 552.05, 1014973, 966, 0, 0
1906, 5, 146, 709, 56, 0, 30.94%, 0, 2, 13, 559.67, 1017903, 966, 0, 0
1911, 5, 239, 709, 52, 0, 30.94%, 0, 2, 13, 570.55, 1020806, 966, 0, 0
1916, 5, 445, 710, 52, 0, 30.94%, 0, 2, 13, 572.99, 1023683, 966, 0, 0
1921, 5, 20, 711, 51, 0, 30.94%, 0, 2, 13, 565.47, 1026543, 966, 0, 0
1926, 5, 699, 711, 50, 0, 30.94%, 0, 2, 13, 320.01, 1028059, 966, 0, 0
1931, 5, 699, 711, 50, 0, 30.94%, 0, 2, 13, 160.94, 1028671, 966, 0, 0
1936, 5, 187, 711, 49, 0, 30.94%, 0, 2, 13, 271.56, 1030505, 966, 0, 0
1941, 5, 561, 715, 52, 0, 30.94%, 0, 2, 13, 485.25, 1033270, 966, 0, 0
1945, 5, 561, 715, 52, 0, 30.94%, 0, 2, 13, 507.97, 1034958, 966, 0, 0
