# relative_time, cycles_done, cur_item, corpus_count, pending_total, pending_favs, map_size, saved_crashes, saved_hangs, max_depth, execs_per_sec, total_execs, edges_found, total_crashes, servers_count
60, 0, 0, 45, 45, 4, 12.57%, 0, 0, 2, 328.30, 19548, 426, 0, 0
66, 0, 0, 45, 45, 4, 12.57%, 0, 0, 2, 339.10, 21318, 426, 0, 0
71, 0, 0, 45, 45, 4, 12.57%, 0, 0, 2, 334.83, 22956, 426, 0, 0
76, 0, 0, 45, 45, 4, 12.57%, 0, 0, 2, 330.62, 24678, 426, 0, 0
81, 0, 0, 45, 45, 4, 12.57%, 0, 0, 2, 332.26, 26412, 426, 0, 0
86, 0, 0, 45, 45, 4, 12.57%, 0, 0, 2, 331.44, 28062, 426, 0, 0
91, 0, 0, 45, 45, 4, 12.57%, 0, 0, 2, 330.85, 29736, 426, 0, 0
96, 0, 0, 45, 45, 4, 12.57%, 0, 0, 2, 332.84, 31410, 426, 0, 0
101, 0, 0, 45, 45, 4, 12.57%, 0, 0, 2, 332.11, 33084, 426, 0, 0
106, 0, 0, 45, 45, 4, 12.57%, 0, 0, 2, 328.12, 34806, 426, 0, 0
111, 0, 0, 45, 45, 4, 12.57%, 0, 0, 2, 333.40, 36480, 426, 0, 0
116, 0, 0, 45, 45, 4, 12.57%, 0, 0, 2, 327.50, 38118, 426, 0, 0
122, 0, 0, 45, 45, 4, 12.57%, 0, 0, 2, 332.57, 39852, 426, 0, 0
127, 0, 0, 45, 45, 4, 12.57%, 0, 0, 2, 328.30, 41484, 426, 0, 0
132, 0, 0, 45, 45, 4, 12.57%, 0, 0, 2, 322.17, 43158, 426, 0, 0
137, 0, 0, 45, 45, 4, 12.57%, 0, 0, 2, 328.77, 44820, 426, 0, 0
142, 0, 0, 45, 45, 4, 12.57%, 0, 0, 2, 327.55, 46458, 426, 0, 0
147, 0, 0, 45, 45, 4, 12.57%, 0, 0, 2, 327.79, 48126, 426, 0, 0
152, 0, 0, 45, 45, 4, 12.57%, 0, 0, 2, 333.40, 49854, 426, 0, 0
157, 0, 0, 45, 45, 4, 12.57%, 0, 0, 2, 325.39, 51486, 426, 0, 0
162, 0, 18, 45, 35, 11, 12.57%, 0, 0, 2, 324.97, 53148, 426, 0, 0
167, 0, 33, 46, 25, 0, 12.57%, 0, 0, 3, 331.00, 54817, 426, 0, 0
172, 0, 33, 51, 30, 0, 12.57%, 0, 0, 3, 324.07, 56486, 426, 0, 0
178, 0, 12, 51, 28, 0, 12.57%, 0, 0, 3, 329.04, 58172, 426, 0, 0
183, 1, 35, 51, 27, 0, 12.57%, 0, 0, 3, 328.22, 59843, 426, 0, 0
188, 1, 47, 56, 30, 0, 12.72%, 0, 0, 4, 315.46, 61433, 431, 0, 0
193, 1, 54, 56, 29, 2, 12.72%, 0, 0, 4, 327.32, 63089, 431, 0, 0
198, 1, 54, 58, 27, 0, 12.72%, 0, 0, 5, 330.39, 64732, 431, 0, 0
203, 1, 50, 58, 25, 0, 12.72%, 0, 0, 5, 328.43, 66394, 431, 0, 0
208, 1, 12, 58, 23, 0, 12.72%, 0, 0, 5, 329.54, 68067, 431, 0, 0
213, 1, 9, 58, 21, 0, 12.72%, 0, 0, 5, 327.41, 69694, 431, 0, 0
218, 2, 17, 58, 16, 0, 12.72%, 0, 0, 5, 324.71, 71395, 431, 0, 0
223, 2, 29, 58, 15, 0, 12.72%, 0, 0, 5, 331.25, 73110, 431, 0, 0
228, 2, 30, 58, 13, 0, 12.72%, 0, 0, 5, 324.65, 74735, 431, 0, 0
234, 2, 25, 58, 11, 0, 12.72%, 0, 0, 5, 326.89, 76416, 431, 0, 0
239, 3, 36, 58, 9, 0, 12.72%, 0, 0, 5, 326.32, 78089, 431, 0, 0
244, 3, 29, 58, 6, 0, 12.72%, 0, 0, 5, 323.36, 79715, 431, 0, 0
249, 3, 56, 58, 6, 0, 12.72%, 0, 0, 5, 326.56, 81436, 431, 0, 0
254, 3, 32, 58, 5, 0, 12.72%, 0, 0, 5, 328.13, 83078, 431, 0, 0
259, 4, 23, 58, 4, 0, 12.72%, 0, 0, 5, 322.71, 84772, 431, 0, 0
265, 4, 57, 58, 4, 0, 12.72%, 0, 0, 5, 324.58, 86446, 431, 0, 0
270, 4, 14, 58, 4, 0, 12.72%, 0, 0, 5, 319.48, 88078, 431, 0, 0
275, 4, 57, 58, 3, 0, 12.72%, 0, 0, 5, 323.02, 89730, 431, 0, 0
280, 4, 23, 58, 3, 0, 12.72%, 0, 0, 5, 328.19, 91382, 431, 0, 0
285, 5, 30, 58, 3, 0, 12.72%, 0, 0, 5, 324.77, 93018, 431, 0, 0
290, 5, 5, 58, 3, 0, 12.72%, 0, 0, 5, 321.05, 94694, 431, 0, 0
295, 5, 57, 58, 3, 0, 12.72%, 0, 0, 5, 326.88, 96348, 431, 0, 0
300, 5, 37, 58, 3, 0, 12.72%, 0, 0, 5, 320.20, 97964, 431, 0, 0
305, 6, 34, 58, 3, 0, 12.72%, 0, 0, 5, 328.52, 99664, 431, 0, 0
310, 6, 0, 58, 3, 0, 12.72%, 0, 0, 5, 325.60, 101330, 431, 0, 0
316, 6, 5, 58, 3, 0, 12.72%, 0, 0, 5, 320.19, 102952, 431, 0, 0
321, 6, 2, 58, 3, 0, 12.72%, 0, 0, 5, 330.04, 104624, 431, 0, 0
326, 7, 23, 58, 3, 0, 12.72%, 0, 0, 5, 326.52, 106300, 431, 0, 0
331, 7, 54, 59, 3, 0, 12.72%, 0, 0, 5, 322.16, 107972, 431, 0, 0
336, 7, 52, 59, 3, 0, 12.72%, 0, 0, 5, 324.35, 109617, 431, 0, 0
341, 7, 57, 59, 2, 0, 12.72%, 0, 0, 5, 320.16, 111215, 431, 0, 0
346, 8, 18, 59, 2, 0, 12.72%, 0, 0, 5, 327.42, 112875, 431, 0, 0
351, 8, 27, 59, 2, 0, 12.72%, 0, 0, 5, 328.10, 114508, 431, 0, 0
356, 8, 1, 59, 1, 0, 12.72%, 0, 0, 5, 328.30, 116170, 431, 0, 0
361, 8, 25, 59, 1, 0, 12.72%, 0, 0, 5, 325.47, 117864, 431, 0, 0
366, 9, 24, 59, 1, 0, 12.72%, 0, 0, 5, 318.14, 119470, 431, 0, 0
372, 9, 29, 59, 1, 0, 12.72%, 0, 0, 5, 316.73, 121122, 431, 0, 0
377, 9, 4, 59, 1, 0, 12.72%, 0, 0, 5, 328.16, 122794, 431, 0, 0
382, 9, 54, 59, 1, 0, 12.72%, 0, 0, 5, 323.26, 124446, 431, 0, 0
387, 10, 37, 59, 1, 0, 12.72%, 0, 0, 5, 321.16, 126127, 431, 0, 0
392, 10, 25, 59, 1, 0, 12.72%, 0, 0, 5, 321.28, 127809, 431, 0, 0
397, 10, 24, 59, 1, 0, 12.72%, 0, 0, 5, 320.57, 129457, 431, 0, 0
402, 10, 54, 59, 1, 0, 12.72%, 0, 0, 5, 325.23, 131103, 431, 0, 0
408, 10, 4, 59, 1, 0, 12.72%, 0, 0, 5, 320.85, 132751, 431, 0, 0
413, 11, 24, 59, 1, 0, 12.72%, 0, 0, 5, 320.62, 134409, 431, 0, 0
418, 11, 54, 59, 1, 0, 12.72%, 0, 0, 5, 318.48, 136077, 431, 0, 0
423, 11, 11, 59, 1, 0, 12.72%, 0, 0, 5, 322.83, 137745, 431, 0, 0
428, 11, 27, 59, 1, 0, 12.72%, 0, 0, 5, 321.67, 139427, 431, 0, 0
433, 12, 54, 59, 1, 0, 12.72%, 0, 0, 5, 330.42, 141141, 431, 0, 0
439, 12, 5, 59, 1, 0, 12.72%, 0, 0, 5, 326.50, 142763, 431, 0, 0
444, 12, 57, 59, 1, 0, 12.72%, 0, 0, 5, 321.46, 144383, 431, 0, 0
449, 12, 30, 59, 1, 0, 12.72%, 0, 0, 5, 328.80, 146034, 431, 0, 0
454, 13, 57, 59, 0, 0, 12.72%, 0, 0, 5, 324.09, 147704, 431, 0, 0
459, 13, 2, 59, 0, 0, 12.72%, 0, 0, 5, 321.56, 149324, 431, 0, 0
464, 13, 30, 59, 0, 0, 12.72%, 0, 0, 5, 323.97, 151008, 431, 0, 0
469, 13, 18, 59, 0, 0, 12.72%, 0, 0, 5, 321.49, 152672, 431, 0, 0
474, 14, 23, 59, 0, 0, 12.72%, 0, 0, 5, 323.04, 154311, 431, 0, 0
479, 14, 27, 59, 0, 0, 12.72%, 0, 0, 5, 322.47, 155923, 431, 0, 0
484, 14, 54, 59, 0, 0, 12.72%, 0, 0, 5, 320.08, 157535, 431, 0, 0
489, 14, 42, 59, 0, 0, 12.72%, 0, 0, 5, 326.64, 159235, 431, 0, 0
495, 15, 23, 59, 0, 0, 12.72%, 0, 0, 5, 326.33, 160917, 431, 0, 0
500, 15, 37, 59, 0, 0, 12.72%, 0, 0, 5, 322.01, 162577, 431, 0, 0
505, 15, 25, 59, 0, 0, 12.72%, 0, 0, 5, 328.35, 164283, 431, 0, 0
510, 15, 37, 59, 0, 0, 12.72%, 0, 0, 5, 321.97, 165883, 431, 0, 0
515, 15, 18, 59, 0, 0, 12.72%, 0, 0, 5, 324.42, 167541, 431, 0, 0
520, 16, 27, 59, 0, 0, 12.72%, 0, 0, 5, 332.32, 169247, 431, 0, 0
525, 16, 57, 59, 0, 0, 12.72%, 0, 0, 5, 331.02, 170893, 431, 0, 0
530, 16, 54, 59, 0, 0, 12.72%, 0, 0, 5, 333.43, 172641, 431, 0, 0
535, 16, 57, 59, 0, 0, 12.72%, 0, 0, 5, 336.13, 174331, 431, 0, 0
540, 17, 19, 59, 0, 0, 12.72%, 0, 0, 5, 331.89, 175999, 431, 0, 0
545, 17, 37, 59, 0, 0, 12.72%, 0, 0, 5, 337.49, 177693, 431, 0, 0
551, 17, 27, 59, 0, 0, 12.72%, 0, 0, 5, 332.33, 179341, 431, 0, 0
556, 17, 54, 59, 0, 0, 12.72%, 0, 0, 5, 328.97, 181007, 431, 0, 0
561, 18, 23, 59, 0, 0, 12.72%, 0, 0, 5, 326.85, 182718, 431, 0, 0
566, 18, 36, 59, 0, 0, 12.72%, 0, 0, 5, 331.89, 184442, 431, 0, 0
571, 18, 57, 59, 0, 0, 12.72%, 0, 0, 5, 326.77, 186084, 431, 0, 0
576, 18, 37, 59, 0, 0, 12.72%, 0, 0, 5, 329.16, 187793, 431, 0, 0
581, 19, 57, 59, 0, 0, 12.72%, 0, 0, 5, 329.21, 189505, 431, 0, 0
586, 19, 27, 59, 0, 0, 12.72%, 0, 0, 5, 332.03, 191197, 431, 0, 0
591, 19, 57, 59, 0, 0, 12.72%, 0, 0, 5, 337.38, 192884, 431, 0, 0
597, 19, 37, 59, 0, 0, 12.72%, 0, 0, 5, 335.36, 194630, 431, 0, 0
599, 20, 29, 59, 0, 0, 12.72%, 0, 0, 5, 322.78, 195523, 431, 0, 0
