# relative_time, cycles_done, cur_item, corpus_count, pending_total, pending_favs, map_size, saved_crashes, saved_hangs, max_depth, execs_per_sec, total_execs, edges_found, total_crashes, servers_count
60, 0, 4, 140, 137, 59, 2.96%, 0, 0, 2, 596.79, 35826, 1937, 0, 0
65, 0, 4, 142, 139, 59, 2.98%, 0, 0, 2, 593.20, 38917, 1950, 0, 0
70, 0, 4, 146, 143, 59, 3.07%, 0, 0, 2, 606.73, 41964, 2013, 0, 0
75, 0, 4, 147, 144, 59, 3.09%, 0, 0, 2, 602.79, 44983, 2023, 0, 0
80, 0, 4, 150, 147, 59, 3.11%, 0, 0, 2, 598.63, 47971, 2038, 0, 0
85, 0, 4, 151, 148, 59, 3.12%, 0, 0, 2, 601.80, 50999, 2044, 0, 0
90, 0, 4, 153, 150, 59, 3.12%, 0, 0, 2, 614.31, 54073, 2045, 0, 0
95, 0, 4, 154, 151, 59, 3.12%, 0, 0, 2, 614.18, 57164, 2045, 0, 0
100, 0, 4, 155, 152, 59, 3.13%, 0, 0, 2, 613.35, 60291, 2049, 0, 0
106, 0, 4, 155, 152, 59, 3.13%, 0, 0, 2, 601.69, 63304, 2049, 0, 0
111, 0, 4, 159, 156, 59, 3.16%, 0, 0, 2, 595.68, 66306, 2071, 0, 0
116, 0, 7, 170, 165, 89, 3.17%, 0, 0, 2, 597.27, 69418, 2078, 0, 0
121, 0, 7, 202, 197, 89, 3.30%, 0, 0, 2, 567.45, 72212, 2161, 0, 0
126, 0, 7, 209, 204, 89, 3.33%, 0, 0, 2, 569.62, 75176, 2180, 0, 0
131, 0, 7, 214, 209, 89, 3.33%, 0, 0, 2, 557.04, 77962, 2181, 0, 0
136, 0, 7, 217, 212, 89, 3.35%, 0, 0, 2, 567.14, 80799, 2193, 0, 0
141, 0, 8, 224, 218, 104, 3.37%, 0, 0, 2, 555.71, 83700, 2207, 0, 0
146, 0, 8, 234, 228, 104, 3.37%, 0, 0, 2, 539.54, 86392, 2207, 0, 0
152, 0, 8, 237, 231, 104, 3.37%, 0, 0, 2, 565.06, 89311, 2210, 0, 0
157, 0, 8, 240, 234, 104, 3.37%, 0, 0, 2, 559.24, 92126, 2210, 0, 0
162, 0, 8, 240, 234, 104, 3.37%, 0, 0, 2, 520.70, 94755, 2210, 0, 0
167, 0, 9, 247, 240, 106, 3.38%, 0, 0, 2, 526.41, 97482, 2215, 0, 0
172, 0, 9, 274, 267, 106, 3.42%, 0, 0, 2, 530.84, 100204, 2239, 0, 0
177, 0, 9, 287, 280, 106, 3.53%, 0, 0, 2, 540.53, 102925, 2316, 0, 0
182, 0, 9, 291, 284, 106, 3.54%, 0, 0, 2, 560.92, 105847, 2323, 0, 0
187, 0, 9, 296, 289, 106, 3.57%, 0, 0, 2, 559.67, 108665, 2342, 0, 0
193, 0, 9, 297, 290, 106, 3.58%, 0, 0, 2, 537.04, 111465, 2348, 0, 0
198, 0, 137, 297, 281, 115, 3.58%, 0, 0, 2, 559.35, 114467, 2348, 0, 0
203, 0, 63, 298, 269, 102, 3.59%, 0, 0, 3, 579.24, 117589, 2350, 0, 0
208, 0, 76, 299, 261, 93, 3.59%, 0, 0, 3, 588.69, 120649, 2350, 0, 0
213, 0, 89, 303, 260, 88, 3.68%, 0, 0, 3, 587.56, 123587, 2413, 0, 0
218, 0, 89, 310, 267, 88, 3.68%, 0, 0, 3, 602.30, 126745, 2414, 0, 0
223, 0, 89, 311, 268, 88, 3.68%, 0, 0, 3, 610.15, 129860, 2414, 0, 0
228, 0, 89, 311, 268, 88, 3.68%, 0, 0, 3, 599.57, 132896, 2414, 0, 0
234, 0, 89, 311, 268, 88, 3.68%, 0, 0, 3, 586.72, 135875, 2414, 0, 0
239, 0, 97, 312, 263, 86, 3.68%, 0, 0, 3, 546.23, 138956, 2414, 0, 0
244, 0, 97, 318, 269, 86, 3.68%, 0, 0, 3, 490.95, 141366, 2414, 0, 0
250, 0, 289, 318, 263, 80, 3.68%, 0, 0, 3, 547.62, 144406, 2414, 0, 0
255, 0, 128, 328, 264, 71, 3.69%, 0, 0, 3, 574.82, 147356, 2419, 0, 0
260, 0, 128, 337, 273, 71, 3.70%, 0, 0, 3, 577.18, 150324, 2426, 0, 0
265, 0, 128, 344, 280, 71, 3.70%, 0, 0, 3, 589.80, 153321, 2426, 0, 0
270, 0, 128, 349, 285, 71, 3.72%, 0, 0, 3, 596.40, 156381, 2436, 0, 0
275, 0, 132, 356, 290, 74, 3.72%, 0, 0, 3, 594.92, 159603, 2437, 0, 0
280, 0, 132, 363, 297, 74, 3.72%, 0, 0, 3, 581.15, 162512, 2438, 0, 0
285, 0, 132, 369, 303, 74, 3.74%, 0, 0, 3, 566.57, 165326, 2448, 0, 0
290, 0, 132, 369, 303, 74, 3.74%, 0, 0, 3, 563.70, 168164, 2448, 0, 0
295, 0, 132, 372, 306, 74, 3.74%, 0, 0, 3, 575.49, 171078, 2448, 0, 0
300, 0, 141, 375, 303, 73, 3.74%, 0, 0, 3, 595.73, 174133, 2448, 0, 0
306, 0, 145, 381, 308, 72, 3.74%, 0, 0, 3, 614.69, 177251, 2451, 0, 0
311, 0, 153, 387, 309, 70, 3.74%, 0, 0, 3, 604.88, 180281, 2452, 0, 0
316, 0, 153, 392, 314, 70, 3.74%, 0, 0, 3, 586.13, 183236, 2452, 0, 0
321, 0, 153, 395, 317, 70, 3.74%, 0, 0, 3, 589.87, 186227, 2452, 0, 0
326, 0, 153, 396, 318, 70, 3.74%, 0, 0, 3, 603.79, 189260, 2452, 0, 0
331, 0, 153, 397, 319, 70, 3.74%, 0, 0, 3, 597.72, 192279, 2452, 0, 0
336, 0, 153, 399, 321, 70, 3.74%, 0, 0, 3, 604.95, 195413, 2453, 0, 0
341, 0, 153, 399, 321, 70, 3.74%, 0, 0, 3, 600.48, 198473, 2453, 0, 0
346, 0, 153, 399, 321, 70, 3.74%, 0, 0, 3, 599.11, 201501, 2453, 0, 0
351, 0, 153, 399, 321, 70, 3.74%, 0, 0, 3, 595.91, 204603, 2453, 0, 0
356, 0, 153, 399, 321, 70, 3.74%, 0, 0, 3, 602.91, 207641, 2453, 0, 0
361, 0, 153, 400, 322, 70, 3.74%, 0, 0, 3, 589.12, 210616, 2453, 0, 0
367, 0, 153, 401, 323, 70, 3.74%, 0, 0, 3, 578.18, 213593, 2453, 0, 0
372, 0, 153, 401, 323, 70, 3.74%, 0, 0, 3, 585.19, 216530, 2453, 0, 0
377, 0, 153, 402, 324, 70, 3.74%, 0, 0, 3, 588.97, 219573, 2453, 0, 0
382, 0, 153, 402, 324, 70, 3.74%, 0, 0, 3, 592.79, 222620, 2453, 0, 0
387, 0, 153, 402, 324, 70, 3.74%, 0, 0, 3, 592.57, 225711, 2453, 0, 0
392, 0, 153, 402, 324, 70, 3.74%, 0, 0, 3, 597.04, 228736, 2453, 0, 0
397, 0, 154, 415, 336, 72, 3.76%, 0, 0, 3, 606.42, 231784, 2466, 0, 0
402, 0, 154, 418, 339, 72, 3.85%, 0, 0, 3, 609.73, 234889, 2520, 0, 0
407, 0, 154, 421, 342, 72, 3.85%, 0, 0, 3, 618.21, 238042, 2520, 0, 0
412, 0, 154, 424, 345, 72, 3.85%, 0, 0, 3, 612.95, 241159, 2521, 0, 0
417, 0, 154, 424, 345, 72, 3.85%, 0, 0, 3, 620.04, 244267, 2521, 0, 0
424, 0, 169, 426, 342, 75, 3.85%, 0, 0, 3, 611.48, 248078, 2521, 0, 0
429, 0, 179, 427, 341, 73, 3.85%, 0, 0, 3, 599.81, 251550, 2522, 0, 0
435, 0, 184, 429, 338, 68, 3.85%, 0, 0, 4, 601.33, 254822, 2522, 0, 0
440, 0, 202, 432, 333, 60, 3.85%, 0, 0, 4, 597.89, 257900, 2522, 0, 0
445, 0, 193, 434, 330, 55, 3.85%, 0, 0, 4, 567.01, 260182, 2522, 0, 0
450, 0, 208, 435, 317, 42, 3.85%, 0, 0, 4, 585.85, 263158, 2522, 0, 0
455, 0, 281, 439, 312, 34, 3.87%, 0, 0, 4, 595.31, 266140, 2535, 0, 0
460, 0, 281, 443, 316, 34, 3.88%, 0, 0, 4, 616.80, 269263, 2545, 0, 0
465, 0, 281, 444, 317, 34, 3.88%, 0, 0, 4, 623.27, 272402, 2546, 0, 0
470, 0, 281, 444, 317, 34, 3.88%, 0, 0, 4, 623.27, 275522, 2546, 0, 0
475, 0, 281, 445, 318, 34, 3.88%, 0, 0, 4, 646.99, 278805, 2546, 0, 0
480, 0, 281, 445, 318, 34, 3.88%, 0, 0, 4, 625.93, 281949, 2546, 0, 0
485, 0, 281, 446, 319, 34, 3.88%, 0, 0, 4, 625.73, 285076, 2546, 0, 0
490, 0, 281, 446, 319, 34, 3.88%, 0, 0, 4, 621.80, 288196, 2546, 0, 0
495, 0, 281, 447, 320, 34, 3.89%, 0, 0, 4, 615.55, 291299, 2550, 0, 0
501, 0, 281, 447, 320, 34, 3.89%, 0, 0, 4, 620.37, 294443, 2550, 0, 0
506, 0, 281, 447, 320, 34, 3.89%, 0, 0, 4, 596.70, 297491, 2550, 0, 0
511, 0, 281, 447, 320, 34, 3.89%, 0, 0, 4, 596.85, 300461, 2550, 0, 0
516, 0, 281, 448, 321, 34, 3.90%, 0, 0, 4, 615.59, 303606, 2556, 0, 0
521, 0, 281, 448, 321, 34, 3.90%, 0, 0, 4, 610.25, 306654, 2556, 0, 0
526, 0, 281, 448, 321, 34, 3.90%, 0, 0, 4, 615.25, 309774, 2556, 0, 0
531, 0, 281, 448, 321, 34, 3.90%, 0, 0, 4, 616.62, 312894, 2556, 0, 0
536, 0, 281, 448, 321, 34, 3.90%, 0, 0, 4, 618.76, 316014, 2556, 0, 0
541, 0, 422, 448, 319, 42, 3.90%, 0, 0, 4, 613.70, 319119, 2556, 0, 0
546, 0, 290, 449, 318, 40, 3.90%, 0, 0, 4, 570.85, 321774, 2556, 0, 0
551, 0, 296, 454, 319, 36, 3.90%, 0, 0, 4, 590.84, 324953, 2556, 0, 0
556, 0, 344, 458, 312, 26, 3.90%, 0, 0, 4, 609.77, 328064, 2557, 0, 0
561, 0, 457, 462, 298, 9, 3.90%, 0, 0, 5, 595.99, 331081, 2557, 0, 0
567, 0, 459, 463, 293, 5, 3.90%, 0, 0, 5, 601.90, 334142, 2557, 0, 0
572, 0, 463, 471, 294, 1, 3.90%, 0, 0, 7, 610.51, 337273, 2557, 0, 0
577, 0, 463, 472, 295, 1, 3.90%, 0, 0, 7, 626.68, 340544, 2557, 0, 0
582, 0, 463, 472, 295, 1, 3.90%, 0, 0, 7, 619.18, 343652, 2557, 0, 0
587, 0, 463, 472, 295, 1, 3.90%, 0, 0, 7, 626.26, 346796, 2557, 0, 0
592, 0, 472, 475, 297, 1, 3.90%, 0, 0, 7, 617.13, 350139, 2557, 0, 0
598, 0, 69, 479, 296, 0, 3.93%, 0, 0, 7, 609.71, 353296, 2576, 0, 0
603, 0, 289, 481, 296, 0, 3.93%, 0, 0, 7, 603.30, 356625, 2576, 0, 0
608, 0, 404, 481, 291, 0, 3.93%, 0, 0, 7, 603.68, 359688, 2576, 0, 0
613, 0, 482, 483, 288, 1, 3.93%, 0, 0, 7, 600.36, 362762, 2576, 0, 0
619, 0, 188, 483, 284, 0, 3.93%, 0, 0, 7, 573.81, 366140, 2576, 0, 0
624, 0, 138, 485, 281, 0, 3.94%, 0, 0, 7, 601.99, 369162, 2584, 0, 0
630, 0, 169, 486, 280, 0, 3.94%, 0, 0, 7, 598.25, 372276, 2584, 0, 0
635, 0, 433, 492, 286, 0, 3.94%, 0, 0, 7, 592.29, 375261, 2584, 0, 0
640, 0, 433, 495, 289, 0, 3.94%, 0, 0, 7, 587.00, 378186, 2584, 0, 0
645, 0, 433, 496, 290, 0, 3.94%, 0, 0, 7, 580.08, 381185, 2584, 0, 0
650, 0, 433, 497, 291, 0, 3.94%, 0, 0, 7, 583.12, 384217, 2584, 0, 0
655, 0, 440, 498, 291, 0, 3.94%, 0, 0, 7, 570.06, 387152, 2584, 0, 0
660, 0, 478, 500, 290, 0, 3.94%, 0, 0, 7, 551.35, 389797, 2584, 0, 0
665, 0, 214, 505, 292, 0, 3.94%, 0, 0, 7, 554.46, 392653, 2584, 0, 0
671, 0, 362, 505, 291, 0, 3.94%, 0, 0, 7, 579.39, 395647, 2584, 0, 0
676, 0, 240, 508, 291, 0, 3.94%, 0, 0, 7, 584.83, 398721, 2584, 0, 0
681, 0, 478, 510, 289, 0, 3.94%, 0, 0, 7, 600.19, 401832, 2585, 0, 0
686, 0, 208, 514, 289, 0, 3.94%, 0, 0, 7, 602.62, 404883, 2585, 0, 0
691, 0, 516, 518, 291, 1, 3.94%, 0, 0, 7, 587.45, 407875, 2585, 0, 0
696, 0, 499, 520, 290, 0, 3.94%, 0, 0, 7, 496.53, 410454, 2585, 0, 0
701, 0, 520, 530, 299, 1, 3.94%, 0, 0, 7, 533.79, 413151, 2585, 0, 0
706, 0, 520, 534, 303, 1, 3.94%, 0, 0, 7, 562.87, 416045, 2585, 0, 0
711, 0, 520, 536, 305, 1, 3.94%, 0, 0, 7, 565.14, 419008, 2585, 0, 0
717, 0, 520, 537, 306, 1, 3.94%, 0, 0, 7, 572.25, 421974, 2585, 0, 0
722, 0, 272, 539, 307, 0, 3.94%, 0, 0, 7, 578.92, 425141, 2585, 0, 0
727, 0, 184, 541, 305, 0, 3.94%, 0, 0, 7, 594.86, 428230, 2585, 0, 0
732, 0, 59, 545, 305, 0, 3.94%, 0, 0, 7, 611.37, 431346, 2585, 0, 0
737, 0, 140, 545, 302, 0, 3.94%, 0, 0, 7, 539.15, 434106, 2585, 0, 0
743, 1, 298, 546, 298, 0, 3.94%, 0, 0, 7, 582.88, 437160, 2585, 0, 0
748, 1, 470, 547, 290, 0, 3.94%, 0, 0, 8, 591.78, 440339, 2585, 0, 0
753, 1, 493, 552, 289, 0, 3.94%, 0, 0, 8, 587.54, 443409, 2585, 0, 0
758, 1, 10, 554, 283, 0, 3.94%, 0, 0, 8, 589.57, 446326, 2585, 0, 0
763, 1, 78, 554, 276, 0, 3.94%, 0, 0, 8, 537.60, 448660, 2585, 0, 0
768, 1, 90, 557, 273, 0, 3.95%, 0, 0, 8, 571.23, 451525, 2591, 0, 0
773, 1, 293, 557, 263, 0, 3.95%, 0, 0, 8, 567.35, 454364, 2591, 0, 0
778, 1, 388, 557, 253, 0, 3.95%, 0, 0, 8, 595.36, 457455, 2591, 0, 0
784, 1, 27, 561, 247, 0, 3.96%, 0, 0, 8, 607.98, 460673, 2592, 0, 0
789, 1, 98, 563, 242, 0, 3.96%, 0, 0, 8, 591.27, 463703, 2592, 0, 0
794, 1, 82, 564, 233, 0, 3.96%, 0, 0, 8, 590.43, 466722, 2592, 0, 0
799, 1, 296, 566, 227, 0, 3.96%, 0, 0, 8, 605.26, 469891, 2592, 0, 0
804, 1, 566, 571, 232, 0, 3.96%, 0, 0, 8, 590.63, 472860, 2592, 0, 0
809, 1, 566, 572, 233, 0, 3.96%, 0, 0, 8, 604.42, 475990, 2596, 0, 0
814, 1, 566, 573, 234, 0, 3.96%, 0, 0, 8, 599.72, 479021, 2598, 0, 0
819, 1, 566, 573, 234, 0, 3.96%, 0, 0, 8, 599.37, 482070, 2598, 0, 0
824, 1, 82, 573, 231, 0, 3.96%, 0, 0, 8, 602.63, 485102, 2598, 0, 0
830, 1, 464, 573, 224, 0, 3.96%, 0, 0, 8, 604.84, 488206, 2598, 0, 0
835, 1, 572, 578, 226, 0, 3.96%, 0, 0, 8, 587.69, 491093, 2598, 0, 0
840, 1, 572, 580, 228, 0, 3.96%, 0, 0, 8, 602.45, 494127, 2598, 0, 0
845, 1, 572, 581, 229, 0, 3.96%, 0, 0, 8, 595.71, 497131, 2598, 0, 0
850, 1, 572, 581, 229, 0, 3.96%, 0, 0, 8, 596.99, 500134, 2598, 0, 0
855, 1, 363, 583, 230, 0, 3.96%, 0, 0, 8, 593.05, 503123, 2598, 0, 0
860, 1, 165, 584, 225, 0, 3.96%, 0, 0, 8, 592.82, 506216, 2598, 0, 0
865, 1, 585, 590, 229, 4, 4.01%, 0, 0, 8, 582.07, 509215, 2631, 0, 0
870, 1, 586, 594, 231, 2, 4.02%, 0, 0, 8, 589.65, 512222, 2632, 0, 0
875, 1, 586, 596, 233, 2, 4.04%, 0, 0, 8, 592.06, 515239, 2646, 0, 0
880, 1, 586, 598, 235, 2, 4.05%, 0, 0, 8, 585.74, 518224, 2655, 0, 0
886, 1, 588, 599, 235, 4, 4.05%, 0, 0, 8, 596.84, 521330, 2655, 0, 0
891, 1, 520, 600, 228, 0, 4.05%, 0, 0, 8, 589.16, 524274, 2655, 0, 0
897, 1, 29, 601, 223, 0, 4.05%, 0, 0, 8, 596.42, 527833, 2655, 0, 0
902, 1, 134, 601, 219, 0, 4.05%, 0, 0, 8, 598.89, 530852, 2655, 0, 0
907, 1, 466, 602, 212, 0, 4.05%, 0, 0, 8, 592.77, 533931, 2655, 0, 0
912, 1, 184, 606, 213, 0, 4.05%, 0, 0, 8, 581.92, 536830, 2655, 0, 0
917, 1, 184, 608, 215, 0, 4.05%, 0, 0, 8, 567.01, 539660, 2655, 0, 0
922, 1, 184, 612, 219, 0, 4.06%, 0, 0, 8, 568.42, 542636, 2659, 0, 0
927, 1, 184, 612, 219, 0, 4.06%, 0, 0, 8, 576.04, 545518, 2659, 0, 0
932, 1, 444, 614, 216, 0, 4.06%, 0, 0, 8, 590.48, 548767, 2659, 0, 0
938, 1, 432, 614, 210, 0, 4.06%, 0, 0, 8, 553.40, 551662, 2659, 0, 0
943, 1, 614, 622, 217, 1, 4.06%, 0, 0, 8, 516.02, 554234, 2663, 0, 0
948, 1, 614, 623, 218, 1, 4.06%, 0, 0, 8, 501.02, 556761, 2663, 0, 0
953, 1, 614, 624, 219, 1, 4.08%, 0, 0, 8, 496.50, 559258, 2671, 0, 0
958, 1, 614, 624, 219, 1, 4.08%, 0, 0, 8, 497.70, 561769, 2671, 0, 0
963, 1, 614, 624, 219, 1, 4.08%, 0, 0, 8, 499.60, 564278, 2671, 0, 0
968, 1, 619, 624, 218, 3, 4.08%, 0, 0, 8, 500.97, 566888, 2671, 0, 0
973, 1, 621, 625, 217, 2, 4.08%, 0, 0, 8, 551.06, 569693, 2671, 0, 0
978, 1, 124, 626, 215, 0, 4.08%, 0, 0, 8, 572.22, 572538, 2671, 0, 0
983, 1, 481, 626, 209, 0, 4.08%, 0, 0, 8, 552.60, 575331, 2671, 0, 0
988, 1, 408, 627, 203, 0, 4.08%, 0, 0, 8, 590.02, 578414, 2671, 0, 0
994, 1, 615, 628, 200, 0, 4.08%, 0, 0, 8, 572.87, 581391, 2671, 0, 0
999, 1, 550, 630, 201, 0, 4.08%, 0, 0, 8, 543.26, 583964, 2671, 0, 0
1004, 1, 207, 630, 193, 0, 4.08%, 0, 0, 8, 550.60, 586746, 2671, 0, 0
1009, 1, 77, 630, 187, 0, 4.08%, 0, 0, 8, 593.64, 589773, 2671, 0, 0
1014, 1, 582, 639, 193, 0, 4.08%, 0, 0, 8, 564.36, 592545, 2671, 0, 0
1019, 1, 582, 641, 195, 0, 4.08%, 0, 0, 8, 578.18, 595474, 2671, 0, 0
1024, 1, 582, 641, 195, 0, 4.08%, 0, 0, 8, 598.64, 598642, 2671, 0, 0
1029, 1, 582, 641, 195, 0, 4.08%, 0, 0, 8, 590.77, 601689, 2671, 0, 0
1034, 1, 642, 646, 198, 1, 4.08%, 0, 0, 8, 585.44, 604623, 2671, 0, 0
1039, 1, 492, 646, 196, 0, 4.08%, 0, 0, 8, 600.08, 607760, 2671, 0, 0
1045, 1, 585, 649, 198, 0, 4.08%, 0, 0, 8, 580.48, 610746, 2677, 0, 0
1050, 1, 585, 651, 200, 0, 4.09%, 0, 0, 8, 564.57, 613544, 2678, 0, 0
1055, 1, 585, 653, 202, 0, 4.09%, 0, 0, 8, 575.70, 616462, 2678, 0, 0
1060, 1, 585, 653, 202, 0, 4.09%, 0, 0, 8, 577.91, 619366, 2678, 0, 0
1065, 1, 585, 653, 202, 0, 4.09%, 0, 0, 8, 572.58, 622336, 2678, 0, 0
1070, 1, 585, 653, 202, 0, 4.09%, 0, 0, 8, 563.64, 625152, 2678, 0, 0
1075, 1, 585, 653, 202, 0, 4.09%, 0, 0, 8, 573.44, 628056, 2678, 0, 0
1080, 1, 585, 653, 202, 0, 4.09%, 0, 0, 8, 579.40, 631070, 2678, 0, 0
1085, 1, 585, 653, 202, 0, 4.09%, 0, 0, 8, 574.80, 633952, 2678, 0, 0
1090, 1, 585, 653, 202, 0, 4.09%, 0, 0, 8, 580.73, 636966, 2678, 0, 0
1096, 1, 585, 653, 202, 0, 4.09%, 0, 0, 8, 576.96, 639936, 2678, 0, 0
1101, 1, 585, 653, 202, 0, 4.09%, 0, 0, 8, 574.26, 642840, 2678, 0, 0
1106, 1, 585, 653, 202, 0, 4.09%, 0, 0, 8, 577.00, 645711, 2678, 0, 0
1113, 1, 648, 655, 203, 3, 4.09%, 0, 0, 8, 576.36, 649735, 2678, 0, 0
1118, 1, 608, 655, 201, 1, 4.09%, 0, 0, 8, 583.28, 653269, 2678, 0, 0
1123, 1, 457, 658, 198, 0, 4.09%, 0, 0, 8, 596.95, 656265, 2678, 0, 0
1129, 1, 508, 659, 193, 0, 4.09%, 0, 0, 8, 576.53, 659118, 2678, 0, 0
1134, 1, 596, 659, 188, 0, 4.09%, 0, 0, 8, 596.59, 662168, 2678, 0, 0
1141, 1, 218, 659, 183, 0, 4.09%, 0, 0, 8, 595.73, 666223, 2678, 0, 0
1146, 1, 172, 659, 178, 0, 4.09%, 0, 0, 8, 589.56, 669192, 2678, 0, 0
1151, 1, 568, 663, 179, 0, 4.09%, 0, 0, 8, 499.35, 671527, 2678, 0, 0
1156, 1, 194, 663, 175, 0, 4.09%, 0, 0, 8, 560.56, 674452, 2678, 0, 0
1161, 1, 635, 663, 171, 0, 4.09%, 0, 0, 8, 571.57, 677458, 2678, 0, 0
1166, 1, 661, 668, 174, 0, 4.09%, 0, 0, 8, 429.98, 679503, 2678, 0, 0
1171, 1, 661, 668, 174, 0, 4.09%, 0, 0, 8, 407.36, 681535, 2678, 0, 0
1176, 2, 362, 669, 169, 0, 4.09%, 0, 0, 8, 502.44, 684185, 2678, 0, 0
1181, 2, 579, 671, 168, 0, 4.09%, 0, 0, 8, 577.78, 687328, 2678, 0, 0
1186, 2, 600, 673, 164, 0, 4.09%, 0, 0, 9, 566.63, 690148, 2678, 0, 0
1192, 2, 675, 676, 166, 1, 4.09%, 0, 0, 9, 506.45, 692724, 2680, 0, 0
1197, 2, 676, 677, 166, 1, 4.09%, 0, 0, 9, 491.57, 695297, 2680, 0, 0
1202, 2, 371, 679, 164, 0, 4.09%, 0, 0, 9, 537.93, 698028, 2680, 0, 0
1207, 2, 618, 681, 161, 0, 4.09%, 0, 0, 9, 552.53, 700901, 2680, 0, 0
1212, 2, 508, 681, 158, 0, 4.09%, 0, 0, 9, 541.01, 703586, 2680, 0, 0
1217, 2, 664, 682, 155, 0, 4.09%, 0, 0, 9, 540.97, 706431, 2683, 0, 0
1222, 2, 660, 682, 150, 0, 4.09%, 0, 0, 9, 548.98, 708990, 2683, 0, 0
1227, 2, 683, 685, 148, 1, 4.11%, 0, 0, 9, 84.29, 711678, 2693, 0, 0
1233, 2, 617, 686, 145, 0, 4.11%, 0, 0, 9, 586.86, 714781, 2693, 0, 0
1238, 2, 194, 688, 143, 0, 4.11%, 0, 0, 9, 573.98, 717665, 2693, 0, 0
1243, 2, 595, 689, 143, 0, 4.11%, 0, 0, 9, 562.31, 720527, 2694, 0, 0
1248, 2, 283, 690, 141, 0, 4.11%, 0, 0, 9, 597.36, 723639, 2694, 0, 0
1253, 2, 690, 691, 139, 1, 4.11%, 0, 0, 9, 583.39, 726599, 2694, 0, 0
1259, 2, 630, 694, 137, 0, 4.11%, 0, 0, 9, 572.98, 729722, 2694, 0, 0
1264, 2, 147, 695, 134, 0, 4.11%, 0, 0, 9, 517.73, 732077, 2694, 0, 0
1269, 2, 455, 696, 133, 0, 4.11%, 0, 0, 9, 584.96, 735224, 2694, 0, 0
1274, 2, 698, 699, 134, 1, 4.12%, 0, 0, 9, 588.81, 738204, 2698, 0, 0
1279, 2, 181, 700, 131, 0, 4.12%, 0, 0, 9, 589.60, 741159, 2698, 0, 0
1284, 2, 449, 703, 131, 0, 4.12%, 0, 0, 9, 599.99, 744201, 2699, 0, 0
1289, 2, 171, 704, 125, 0, 4.13%, 0, 0, 9, 590.76, 747132, 2705, 0, 0
1294, 2, 692, 704, 121, 0, 4.13%, 0, 0, 9, 589.79, 750184, 2705, 0, 0
1299, 2, 422, 706, 118, 0, 4.13%, 0, 0, 9, 594.95, 753187, 2705, 0, 0
1304, 2, 705, 712, 124, 0, 4.13%, 0, 0, 9, 598.99, 756187, 2705, 0, 0
1309, 2, 705, 712, 124, 0, 4.13%, 0, 0, 9, 582.63, 759113, 2705, 0, 0
1315, 2, 705, 712, 124, 0, 4.13%, 0, 0, 9, 581.53, 762138, 2705, 0, 0
1320, 2, 705, 712, 124, 0, 4.13%, 0, 0, 9, 591.83, 765119, 2705, 0, 0
1325, 2, 194, 713, 123, 0, 4.13%, 0, 0, 9, 588.52, 768128, 2705, 0, 0
1330, 2, 712, 716, 125, 0, 4.13%, 0, 0, 9, 573.26, 771008, 2705, 0, 0
1335, 2, 712, 717, 126, 0, 4.13%, 0, 0, 9, 574.71, 773985, 2705, 0, 0
1340, 2, 712, 717, 126, 0, 4.13%, 0, 0, 9, 582.00, 776999, 2705, 0, 0
1347, 2, 717, 718, 126, 1, 4.13%, 0, 0, 9, 573.16, 780727, 2705, 0, 0
1352, 2, 715, 718, 122, 0, 4.13%, 0, 0, 9, 584.69, 783824, 2705, 0, 0
1357, 2, 715, 724, 128, 0, 4.13%, 0, 0, 10, 578.98, 786773, 2705, 0, 0
1362, 2, 715, 728, 132, 0, 4.14%, 0, 0, 10, 576.72, 789683, 2713, 0, 0
1367, 2, 726, 728, 131, 1, 4.14%, 0, 0, 10, 568.01, 792538, 2713, 0, 0
1373, 2, 197, 728, 130, 0, 4.14%, 0, 0, 10, 539.78, 796060, 2713, 0, 0
1378, 2, 595, 728, 125, 0, 4.14%, 0, 0, 10, 566.68, 798942, 2713, 0, 0
1384, 2, 446, 728, 123, 0, 4.14%, 0, 0, 10, 570.20, 801908, 2713, 0, 0
1389, 2, 599, 730, 121, 0, 4.14%, 0, 0, 11, 578.78, 804833, 2714, 0, 0
1394, 2, 185, 731, 120, 0, 4.14%, 0, 0, 11, 580.23, 807835, 2714, 0, 0
1399, 2, 404, 732, 119, 0, 4.14%, 0, 0, 11, 592.90, 810873, 2714, 0, 0
1404, 2, 677, 733, 116, 0, 4.14%, 0, 0, 11, 563.25, 813752, 2714, 0, 0
1409, 2, 303, 734, 112, 0, 4.15%, 0, 0, 11, 583.61, 816797, 2722, 0, 0
1414, 2, 581, 734, 110, 0, 4.15%, 0, 0, 11, 579.83, 819676, 2722, 0, 0
1419, 2, 63, 737, 111, 0, 4.15%, 0, 0, 11, 594.71, 822778, 2722, 0, 0
1424, 2, 554, 737, 106, 0, 4.15%, 0, 0, 11, 572.77, 825555, 2722, 0, 0
1430, 2, 678, 737, 106, 0, 4.15%, 0, 0, 11, 525.95, 828666, 2722, 0, 0
1436, 2, 610, 739, 105, 0, 4.15%, 0, 0, 11, 567.79, 831533, 2722, 0, 0
1441, 2, 653, 739, 103, 0, 4.15%, 0, 0, 11, 595.24, 834556, 2722, 0, 0
1446, 2, 239, 739, 101, 0, 4.15%, 0, 0, 11, 604.19, 837701, 2722, 0, 0
1451, 2, 402, 739, 100, 0, 4.15%, 0, 0, 11, 555.48, 840288, 2722, 0, 0
1456, 2, 421, 740, 95, 0, 4.15%, 0, 0, 11, 588.54, 843386, 2722, 0, 0
1461, 2, 474, 741, 94, 0, 4.15%, 0, 0, 11, 586.81, 846417, 2722, 0, 0
1466, 2, 296, 741, 92, 0, 4.15%, 0, 0, 11, 595.00, 849153, 2722, 0, 0
1471, 2, 278, 742, 92, 0, 4.15%, 0, 0, 12, 573.62, 851978, 2722, 0, 0
1477, 2, 743, 744, 93, 1, 4.15%, 0, 0, 12, 580.00, 854970, 2722, 0, 0
1482, 2, 624, 744, 90, 0, 4.15%, 0, 0, 12, 571.64, 857856, 2722, 0, 0
1487, 2, 497, 745, 89, 0, 4.15%, 0, 0, 12, 586.72, 860805, 2722, 0, 0
1492, 2, 684, 745, 87, 0, 4.15%, 0, 0, 12, 494.50, 863289, 2722, 0, 0
1497, 2, 455, 745, 86, 0, 4.15%, 0, 0, 12, 556.37, 866256, 2722, 0, 0
1502, 2, 250, 746, 83, 0, 4.15%, 0, 0, 12, 568.36, 869088, 2722, 0, 0
1507, 2, 488, 749, 83, 0, 4.15%, 0, 0, 12, 561.80, 871945, 2722, 0, 0
1512, 2, 296, 749, 80, 0, 4.15%, 0, 0, 12, 576.67, 874946, 2722, 0, 0
1517, 2, 497, 749, 79, 0, 4.15%, 0, 0, 12, 598.97, 877996, 2722, 0, 0
1522, 2, 748, 750, 77, 0, 4.15%, 0, 0, 12, 593.32, 880967, 2722, 0, 0
1527, 3, 526, 752, 76, 0, 4.15%, 0, 0, 12, 591.07, 883901, 2722, 0, 0
1532, 3, 228, 752, 73, 0, 4.15%, 0, 0, 12, 571.09, 886922, 2722, 0, 0
1537, 3, 580, 752, 70, 0, 4.15%, 0, 0, 12, 589.97, 889911, 2722, 0, 0
1542, 3, 735, 754, 70, 0, 4.15%, 0, 0, 12, 583.45, 892893, 2722, 0, 0
1548, 3, 86, 754, 67, 0, 4.15%, 0, 0, 12, 590.58, 895864, 2722, 0, 0
1553, 3, 718, 754, 66, 0, 4.15%, 0, 0, 12, 587.91, 898935, 2722, 0, 0
1558, 3, 43, 754, 64, 0, 4.15%, 0, 0, 12, 593.80, 901910, 2722, 0, 0
1563, 3, 497, 754, 62, 0, 4.15%, 0, 0, 12, 592.86, 904965, 2722, 0, 0
1568, 3, 706, 754, 61, 0, 4.15%, 0, 0, 12, 601.75, 908095, 2722, 0, 0
1573, 3, 734, 754, 59, 0, 4.15%, 0, 0, 12, 596.43, 911140, 2722, 0, 0
1578, 3, 642, 755, 57, 0, 4.15%, 0, 0, 12, 581.73, 914044, 2722, 0, 0
1583, 3, 392, 755, 54, 0, 4.15%, 0, 0, 12, 585.39, 917095, 2722, 0, 0
1589, 3, 455, 755, 53, 0, 4.15%, 0, 0, 12, 584.11, 920123, 2722, 0, 0
1594, 3, 707, 755, 51, 0, 4.15%, 0, 0, 12, 589.58, 923084, 2722, 0, 0
1599, 3, 743, 756, 47, 0, 4.15%, 0, 0, 12, 591.25, 926059, 2722, 0, 0
1604, 3, 745, 757, 48, 0, 4.15%, 0, 0, 12, 603.05, 929144, 2722, 0, 0
1609, 3, 724, 757, 47, 0, 4.15%, 0, 0, 12, 585.96, 932207, 2722, 0, 0
1614, 3, 743, 758, 47, 0, 4.15%, 0, 0, 12, 552.97, 935086, 2722, 0, 0
1619, 3, 538, 758, 47, 0, 4.15%, 0, 0, 12, 546.63, 937846, 2722, 0, 0
1624, 3, 758, 759, 46, 1, 4.15%, 0, 0, 12, 554.81, 940589, 2723, 0, 0
1629, 3, 455, 759, 45, 0, 4.15%, 0, 0, 12, 568.42, 943411, 2723, 0, 0
1634, 3, 751, 762, 48, 0, 4.15%, 0, 0, 12, 568.93, 946374, 2723, 0, 0
1640, 3, 642, 763, 49, 0, 4.15%, 0, 0, 12, 541.20, 949041, 2723, 0, 0
1645, 3, 738, 765, 51, 0, 4.15%, 0, 0, 12, 501.15, 951666, 2723, 0, 0
1650, 3, 682, 766, 51, 0, 4.15%, 0, 0, 12, 499.77, 954045, 2723, 0, 0
1655, 3, 420, 767, 51, 0, 4.15%, 0, 0, 12, 537.62, 956776, 2723, 0, 0
1660, 3, 412, 769, 53, 0, 4.15%, 0, 0, 12, 575.72, 959677, 2723, 0, 0
1665, 3, 726, 769, 51, 0, 4.15%, 0, 0, 12, 434.00, 962474, 2723, 0, 0
1670, 3, 87, 770, 52, 0, 4.15%, 0, 0, 12, 566.69, 965534, 2723, 0, 0
1675, 3, 747, 773, 54, 0, 4.15%, 0, 0, 12, 572.47, 968381, 2723, 0, 0
1680, 3, 508, 773, 51, 0, 4.15%, 0, 0, 12, 609.80, 971552, 2723, 0, 0
1685, 3, 716, 773, 48, 0, 4.15%, 0, 0, 12, 616.16, 974788, 2723, 0, 0
1690, 3, 463, 774, 47, 0, 4.15%, 0, 0, 12, 607.40, 977756, 2723, 0, 0
1696, 3, 475, 774, 46, 0, 4.15%, 0, 0, 12, 580.71, 980781, 2723, 0, 0
1701, 3, 502, 776, 46, 0, 4.16%, 0, 0, 12, 582.12, 983673, 2724, 0, 0
1708, 3, 313, 776, 45, 0, 4.16%, 0, 0, 12, 525.58, 987223, 2724, 0, 0
1713, 3, 377, 777, 44, 0, 4.16%, 0, 0, 12, 602.59, 990432, 2724, 0, 0
1718, 3, 756, 777, 43, 0, 4.16%, 0, 0, 12, 611.08, 993533, 2724, 0, 0
1723, 3, 442, 778, 43, 0, 4.16%, 0, 0, 12, 583.28, 996413, 2724, 0, 0
1728, 3, 748, 779, 43, 0, 4.17%, 0, 0, 12, 585.83, 999393, 2730, 0, 0
1735, 3, 100, 782, 45, 0, 4.17%, 0, 0, 12, 537.68, 1002881, 2730, 0, 0
1740, 3, 776, 782, 44, 0, 4.17%, 0, 0, 12, 580.06, 1005842, 2730, 0, 0
1745, 3, 776, 782, 41, 0, 4.17%, 0, 0, 12, 567.63, 1008539, 2730, 0, 0
1750, 3, 75, 782, 40, 0, 4.17%, 0, 0, 12, 590.79, 1011452, 2730, 0, 0
1755, 3, 282, 782, 40, 0, 4.17%, 0, 0, 12, 572.96, 1014386, 2730, 0, 0
1761, 3, 190, 782, 39, 0, 4.17%, 0, 0, 12, 613.01, 1018000, 2730, 0, 0
1766, 3, 553, 782, 38, 0, 4.17%, 0, 0, 12, 604.49, 1021107, 2730, 0, 0
1771, 3, 722, 782, 37, 0, 4.17%, 0, 0, 12, 610.33, 1024278, 2730, 0, 0
1776, 3, 524, 783, 38, 0, 4.17%, 0, 0, 12, 597.11, 1027241, 2730, 0, 0
1782, 3, 774, 784, 39, 0, 4.17%, 0, 0, 12, 583.22, 1030222, 2730, 0, 0
1787, 4, 743, 786, 41, 0, 4.17%, 0, 0, 12, 620.37, 1033396, 2730, 0, 0
1792, 4, 316, 786, 41, 0, 4.17%, 0, 0, 12, 623.48, 1036644, 2730, 0, 0
1797, 4, 559, 786, 40, 0, 4.17%, 0, 0, 12, 613.48, 1039769, 2730, 0, 0
1802, 4, 726, 786, 40, 0, 4.17%, 0, 0, 12, 604.10, 1042842, 2730, 0, 0
1807, 4, 746, 788, 41, 0, 4.17%, 0, 0, 12, 559.00, 1045510, 2730, 0, 0
1812, 4, 104, 789, 41, 0, 4.17%, 0, 0, 12, 562.99, 1048356, 2730, 0, 0
1817, 4, 296, 789, 40, 0, 4.17%, 0, 0, 12, 581.53, 1051209, 2730, 0, 0
1822, 4, 379, 789, 39, 0, 4.17%, 0, 0, 12, 534.01, 1053860, 2730, 0, 0
1827, 4, 439, 789, 39, 0, 4.17%, 0, 0, 12, 542.00, 1056082, 2730, 0, 0
1832, 4, 779, 790, 40, 0, 4.17%, 0, 0, 12, 586.75, 1059091, 2730, 0, 0
1837, 4, 750, 791, 40, 0, 4.17%, 0, 0, 12, 599.95, 1062095, 2730, 0, 0
1843, 4, 11, 791, 40, 0, 4.17%, 0, 0, 12, 599.89, 1065179, 2730, 0, 0
1848, 4, 472, 792, 41, 0, 4.17%, 0, 0, 12, 611.42, 1068356, 2730, 0, 0
1853, 4, 331, 792, 39, 0, 4.17%, 0, 0, 12, 590.05, 1071632, 2730, 0, 0
1858, 4, 455, 792, 35, 0, 4.17%, 0, 0, 12, 550.11, 1074391, 2730, 0, 0
1863, 4, 786, 792, 35, 0, 4.17%, 0, 0, 12, 540.52, 1077034, 2730, 0, 0
1869, 4, 124, 793, 34, 0, 4.17%, 0, 0, 12, 567.02, 1079945, 2730, 0, 0
1874, 4, 792, 794, 35, 0, 4.17%, 0, 0, 12, 483.36, 1082535, 2730, 0, 0
1879, 4, 792, 796, 37, 0, 4.17%, 0, 0, 12, 366.44, 1084195, 2730, 0, 0
1884, 4, 717, 796, 36, 0, 4.17%, 0, 0, 12, 366.24, 1085951, 2730, 0, 0
1889, 4, 621, 796, 35, 0, 4.17%, 0, 0, 12, 487.56, 1088844, 2730, 0, 0
1894, 4, 775, 798, 37, 0, 4.17%, 0, 0, 12, 567.53, 1091886, 2730, 0, 0
1899, 4, 543, 798, 35, 0, 4.17%, 0, 0, 12, 594.04, 1095012, 2730, 0, 0
1905, 4, 284, 798, 34, 0, 4.17%, 0, 0, 12, 562.54, 1098301, 2730, 0, 0
1911, 4, 799, 800, 32, 1, 4.17%, 0, 0, 12, 588.32, 1101360, 2730, 0, 0
1916, 4, 439, 800, 31, 0, 4.17%, 0, 0, 12, 598.60, 1104406, 2730, 0, 0
1921, 4, 216, 800, 30, 0, 4.17%, 0, 0, 12, 577.54, 1107363, 2730, 0, 0
1926, 4, 711, 801, 30, 0, 4.17%, 0, 0, 12, 611.67, 1110330, 2730, 0, 0
1927, 4, 408, 801, 30, 0, 4.17%, 0, 0, 12, 739.82, 1111274, 2730, 0, 0
