# relative_time, cycles_done, cur_item, corpus_count, pending_total, pending_favs, map_size, saved_crashes, saved_hangs, max_depth, execs_per_sec, total_execs, edges_found, total_crashes, servers_count
61, 1, 5, 39, 11, 0, 12.57%, 0, 0, 2, 322.53, 19255, 426, 0, 0
66, 1, 13, 39, 7, 0, 12.57%, 0, 0, 2, 331.24, 20930, 426, 0, 0
71, 1, 38, 43, 9, 0, 12.66%, 0, 0, 3, 325.63, 22573, 429, 0, 0
76, 1, 38, 45, 11, 0, 12.72%, 0, 0, 3, 322.33, 24189, 431, 0, 0
81, 1, 38, 45, 11, 0, 12.72%, 0, 0, 3, 323.11, 25821, 431, 0, 0
86, 1, 38, 45, 11, 0, 12.72%, 0, 0, 3, 321.47, 27423, 431, 0, 0
91, 1, 43, 46, 10, 2, 12.72%, 0, 0, 4, 322.33, 29051, 431, 0, 0
96, 1, 4, 46, 7, 0, 12.72%, 0, 0, 4, 324.94, 30755, 431, 0, 0
101, 2, 6, 46, 7, 0, 12.72%, 0, 0, 4, 324.06, 32387, 431, 0, 0
106, 2, 40, 46, 6, 0, 12.72%, 0, 0, 4, 324.23, 34076, 431, 0, 0
111, 2, 18, 46, 4, 0, 12.72%, 0, 0, 4, 327.64, 35716, 431, 0, 0
116, 3, 40, 46, 4, 0, 12.72%, 0, 0, 4, 321.62, 37386, 431, 0, 0
122, 3, 42, 46, 3, 0, 12.72%, 0, 0, 4, 325.26, 39158, 431, 0, 0
127, 3, 26, 46, 2, 0, 12.72%, 0, 0, 4, 320.49, 40754, 431, 0, 0
132, 4, 20, 46, 2, 0, 12.72%, 0, 0, 4, 315.25, 42348, 431, 0, 0
137, 4, 2, 46, 2, 0, 12.72%, 0, 0, 4, 322.06, 43976, 431, 0, 0
142, 4, 41, 46, 2, 0, 12.72%, 0, 0, 4, 320.67, 45576, 431, 0, 0
147, 5, 37, 46, 2, 0, 12.72%, 0, 0, 4, 320.82, 47206, 431, 0, 0
152, 5, 18, 46, 2, 0, 12.72%, 0, 0, 4, 325.30, 48842, 431, 0, 0
157, 5, 6, 46, 2, 0, 12.72%, 0, 0, 4, 319.29, 50442, 431, 0, 0
162, 6, 43, 46, 2, 0, 12.72%, 0, 0, 4, 321.84, 52112, 431, 0, 0
167, 6, 44, 46, 1, 0, 12.72%, 0, 0, 4, 324.37, 53740, 431, 0, 0
172, 6, 41, 46, 1, 0, 12.72%, 0, 0, 4, 319.57, 55346, 431, 0, 0
177, 7, 38, 46, 0, 0, 12.72%, 0, 0, 4, 324.68, 56996, 431, 0, 0
182, 7, 9, 46, 0, 0, 12.72%, 0, 0, 4, 325.54, 58620, 431, 0, 0
188, 7, 41, 46, 0, 0, 12.72%, 0, 0, 4, 312.75, 60242, 431, 0, 0
193, 7, 46, 47, 1, 0, 12.72%, 0, 0, 4, 324.18, 61902, 431, 0, 0
198, 8, 7, 47, 0, 0, 12.72%, 0, 0, 4, 325.81, 63588, 431, 0, 0
203, 8, 43, 47, 0, 0, 12.72%, 0, 0, 4, 324.13, 65224, 431, 0, 0
208, 8, 13, 47, 0, 0, 12.72%, 0, 0, 4, 323.92, 66836, 431, 0, 0
213, 9, 18, 47, 0, 0, 12.72%, 0, 0, 4, 320.85, 68430, 431, 0, 0
218, 9, 18, 47, 0, 0, 12.72%, 0, 0, 4, 318.20, 70094, 431, 0, 0
223, 9, 18, 47, 0, 0, 12.72%, 0, 0, 4, 325.72, 71782, 431, 0, 0
228, 10, 32, 47, 0, 0, 12.72%, 0, 0, 4, 318.53, 73418, 431, 0, 0
234, 10, 28, 47, 0, 0, 12.72%, 0, 0, 4, 323.87, 75058, 431, 0, 0
239, 10, 37, 47, 0, 0, 12.72%, 0, 0, 4, 322.79, 76652, 431, 0, 0
244, 11, 41, 47, 0, 0, 12.72%, 0, 0, 4, 318.88, 78313, 431, 0, 0
249, 11, 4, 47, 0, 0, 12.72%, 0, 0, 4, 323.85, 79943, 431, 0, 0
254, 11, 41, 47, 0, 0, 12.72%, 0, 0, 4, 322.90, 81549, 431, 0, 0
259, 12, 4, 47, 0, 0, 12.72%, 0, 0, 4, 320.65, 83165, 431, 0, 0
264, 12, 7, 47, 0, 0, 12.72%, 0, 0, 4, 317.12, 84795, 431, 0, 0
269, 12, 26, 47, 0, 0, 12.72%, 0, 0, 4, 312.50, 86371, 431, 0, 0
274, 13, 18, 47, 0, 0, 12.72%, 0, 0, 4, 322.25, 88001, 431, 0, 0
279, 13, 37, 47, 0, 0, 12.72%, 0, 0, 4, 321.35, 89665, 431, 0, 0
284, 13, 26, 47, 0, 0, 12.72%, 0, 0, 4, 318.62, 91271, 431, 0, 0
289, 14, 26, 47, 0, 0, 12.72%, 0, 0, 4, 318.67, 92877, 431, 0, 0
294, 14, 26, 47, 0, 0, 12.72%, 0, 0, 4, 321.99, 94495, 431, 0, 0
300, 14, 7, 47, 0, 0, 12.72%, 0, 0, 4, 312.55, 96131, 431, 0, 0
305, 15, 34, 47, 0, 0, 12.72%, 0, 0, 4, 322.11, 97759, 431, 0, 0
310, 15, 28, 47, 0, 0, 12.72%, 0, 0, 4, 318.83, 99337, 431, 0, 0
315, 15, 43, 47, 0, 0, 12.72%, 0, 0, 4, 317.26, 100983, 431, 0, 0
320, 16, 7, 47, 0, 0, 12.72%, 0, 0, 4, 324.97, 102619, 431, 0, 0
325, 16, 7, 47, 0, 0, 12.72%, 0, 0, 4, 321.45, 104219, 431, 0, 0
330, 16, 4, 47, 0, 0, 12.72%, 0, 0, 4, 323.48, 105843, 431, 0, 0
335, 17, 44, 47, 0, 0, 12.72%, 0, 0, 4, 323.03, 107449, 431, 0, 0
340, 17, 26, 47, 0, 0, 12.72%, 0, 0, 4, 315.80, 109031, 431, 0, 0
345, 17, 37, 47, 0, 0, 12.72%, 0, 0, 4, 323.53, 110707, 431, 0, 0
350, 18, 20, 47, 0, 0, 12.72%, 0, 0, 4, 318.56, 112295, 431, 0, 0
355, 18, 4, 47, 0, 0, 12.72%, 0, 0, 4, 322.14, 113937, 431, 0, 0
360, 18, 7, 47, 0, 0, 12.72%, 0, 0, 4, 322.55, 115552, 431, 0, 0
365, 19, 44, 47, 0, 0, 12.72%, 0, 0, 4, 317.85, 117152, 431, 0, 0
370, 19, 46, 47, 0, 0, 12.72%, 0, 0, 4, 313.66, 118721, 431, 0, 0
375, 19, 46, 47, 0, 0, 12.72%, 0, 0, 4, 321.84, 120389, 431, 0, 0
380, 19, 34, 47, 0, 0, 12.72%, 0, 0, 4, 315.70, 122013, 431, 0, 0
385, 20, 26, 47, 0, 0, 12.72%, 0, 0, 4, 322.42, 123637, 431, 0, 0
391, 20, 4, 47, 0, 0, 12.72%, 0, 0, 4, 320.30, 125237, 431, 0, 0
396, 20, 18, 47, 0, 0, 12.72%, 0, 0, 4, 310.97, 126789, 431, 0, 0
401, 21, 17, 47, 0, 0, 12.72%, 0, 0, 4, 321.82, 128431, 431, 0, 0
406, 21, 18, 47, 0, 0, 12.72%, 0, 0, 4, 315.31, 130013, 431, 0, 0
411, 21, 46, 47, 0, 0, 12.72%, 0, 0, 4, 312.98, 131633, 431, 0, 0
416, 22, 4, 47, 0, 0, 12.72%, 0, 0, 4, 319.17, 133231, 431, 0, 0
421, 22, 34, 47, 0, 0, 12.72%, 0, 0, 4, 312.94, 134777, 431, 0, 0
426, 22, 18, 47, 0, 0, 12.72%, 0, 0, 4, 320.43, 136453, 431, 0, 0
431, 23, 44, 47, 0, 0, 12.72%, 0, 0, 4, 322.84, 138059, 431, 0, 0
436, 23, 37, 47, 0, 0, 12.72%, 0, 0, 4, 317.21, 139649, 431, 0, 0
441, 23, 26, 47, 0, 0, 12.72%, 0, 0, 4, 321.60, 141319, 431, 0, 0
446, 24, 45, 47, 0, 0, 12.72%, 0, 0, 4, 319.52, 142959, 431, 0, 0
452, 24, 37, 47, 0, 0, 12.72%, 0, 0, 4, 316.10, 144619, 431, 0, 0
457, 24, 12, 47, 0, 0, 12.72%, 0, 0, 4, 319.19, 146231, 431, 0, 0
462, 25, 26, 47, 0, 0, 12.72%, 0, 0, 4, 317.88, 147877, 431, 0, 0
467, 25, 34, 47, 0, 0, 12.72%, 0, 0, 4, 316.40, 149471, 431, 0, 0
472, 25, 7, 48, 1, 0, 12.72%, 0, 0, 4, 322.05, 151086, 431, 0, 0
477, 26, 17, 48, 0, 0, 12.72%, 0, 0, 4, 314.35, 152660, 431, 0, 0
482, 26, 48, 49, 0, 0, 12.75%, 0, 0, 4, 321.78, 154302, 432, 0, 0
487, 26, 48, 49, 0, 0, 12.75%, 0, 0, 4, 320.08, 155912, 432, 0, 0
492, 26, 48, 49, 0, 0, 12.75%, 0, 0, 4, 318.70, 157508, 432, 0, 0
497, 26, 47, 49, 0, 0, 12.75%, 0, 0, 4, 320.30, 159122, 432, 0, 0
502, 26, 48, 49, 0, 0, 12.75%, 0, 0, 4, 322.78, 160730, 432, 0, 0
507, 26, 41, 49, 0, 0, 12.75%, 0, 0, 4, 314.85, 162318, 432, 0, 0
512, 27, 48, 49, 0, 0, 12.75%, 0, 0, 4, 324.55, 163954, 432, 0, 0
517, 27, 26, 49, 0, 0, 12.75%, 0, 0, 4, 324.75, 165634, 432, 0, 0
522, 27, 37, 49, 0, 0, 12.75%, 0, 0, 4, 323.91, 167324, 432, 0, 0
527, 27, 44, 49, 0, 0, 12.75%, 0, 0, 4, 331.36, 168988, 432, 0, 0
533, 27, 43, 49, 0, 0, 12.75%, 0, 0, 4, 329.23, 170688, 432, 0, 0
538, 28, 48, 49, 0, 0, 12.75%, 0, 0, 4, 329.76, 172418, 432, 0, 0
543, 28, 44, 49, 0, 0, 12.75%, 0, 0, 4, 329.95, 174112, 432, 0, 0
548, 28, 41, 49, 0, 0, 12.75%, 0, 0, 4, 321.58, 175746, 432, 0, 0
553, 28, 41, 49, 0, 0, 12.75%, 0, 0, 4, 331.11, 177488, 432, 0, 0
558, 28, 48, 49, 0, 0, 12.75%, 0, 0, 4, 331.63, 179150, 432, 0, 0
563, 29, 47, 49, 0, 0, 12.75%, 0, 0, 4, 325.30, 180784, 432, 0, 0
569, 29, 48, 49, 0, 0, 12.75%, 0, 0, 4, 327.23, 182496, 432, 0, 0
574, 29, 47, 49, 0, 0, 12.75%, 0, 0, 4, 322.90, 184118, 432, 0, 0
579, 29, 47, 49, 0, 0, 12.75%, 0, 0, 4, 325.99, 185826, 432, 0, 0
584, 29, 47, 49, 0, 0, 12.75%, 0, 0, 4, 331.12, 187538, 432, 0, 0
589, 29, 44, 49, 0, 0, 12.75%, 0, 0, 4, 330.16, 189246, 432, 0, 0
594, 30, 48, 49, 0, 0, 12.75%, 0, 0, 4, 331.73, 190918, 432, 0, 0
599, 30, 44, 49, 0, 0, 12.75%, 0, 0, 4, 326.45, 192601, 432, 0, 0
