# relative_time, cycles_done, cur_item, corpus_count, pending_total, pending_favs, map_size, saved_crashes, saved_hangs, max_depth, execs_per_sec, total_execs, edges_found, total_crashes, servers_count
61, 0, 0, 48, 48, 4, 12.57%, 0, 0, 2, 336.55, 20049, 426, 0, 0
66, 0, 0, 48, 48, 4, 12.57%, 0, 0, 2, 346.20, 21843, 426, 0, 0
71, 0, 0, 48, 48, 4, 12.57%, 0, 0, 2, 342.70, 23577, 426, 0, 0
76, 0, 0, 48, 48, 4, 12.57%, 0, 0, 2, 338.74, 25287, 426, 0, 0
81, 0, 0, 48, 48, 4, 12.57%, 0, 0, 2, 340.33, 26997, 426, 0, 0
86, 0, 0, 48, 48, 4, 12.57%, 0, 0, 2, 340.63, 28695, 426, 0, 0
91, 0, 0, 48, 48, 4, 12.57%, 0, 0, 2, 339.41, 30411, 426, 0, 0
96, 0, 0, 48, 48, 4, 12.57%, 0, 0, 2, 342.06, 32193, 426, 0, 0
101, 0, 0, 48, 48, 4, 12.57%, 0, 0, 2, 340.40, 33945, 426, 0, 0
107, 0, 0, 48, 48, 4, 12.57%, 0, 0, 2, 335.85, 35691, 426, 0, 0
112, 0, 0, 48, 48, 4, 12.57%, 0, 0, 2, 343.05, 37467, 426, 0, 0
117, 0, 0, 48, 48, 4, 12.57%, 0, 0, 2, 336.98, 39201, 426, 0, 0
122, 0, 0, 48, 48, 4, 12.57%, 0, 0, 2, 337.62, 40965, 426, 0, 0
127, 0, 0, 48, 48, 4, 12.57%, 0, 0, 2, 334.71, 42627, 426, 0, 0
132, 0, 0, 48, 48, 4, 12.57%, 0, 0, 2, 328.89, 44337, 426, 0, 0
137, 0, 0, 48, 48, 4, 12.57%, 0, 0, 2, 338.80, 46053, 426, 0, 0
142, 0, 0, 48, 48, 4, 12.57%, 0, 0, 2, 337.78, 47733, 426, 0, 0
148, 0, 0, 48, 48, 4, 12.57%, 0, 0, 2, 334.29, 49479, 426, 0, 0
153, 0, 0, 48, 48, 4, 12.57%, 0, 0, 2, 342.31, 51207, 426, 0, 0
158, 0, 3, 48, 40, 16, 12.57%, 0, 0, 2, 327.52, 52908, 426, 0, 0
163, 0, 48, 50, 31, 5, 12.63%, 0, 0, 4, 332.15, 54642, 428, 0, 0
168, 0, 50, 53, 30, 4, 12.72%, 0, 0, 6, 337.46, 56361, 431, 0, 0
173, 0, 52, 53, 25, 0, 12.72%, 0, 0, 6, 330.19, 58067, 431, 0, 0
178, 0, 51, 54, 25, 0, 12.72%, 0, 0, 6, 332.49, 59794, 431, 0, 0
183, 1, 51, 54, 25, 0, 12.72%, 0, 0, 6, 334.67, 61490, 431, 0, 0
189, 1, 42, 54, 22, 0, 12.72%, 0, 0, 6, 329.04, 63198, 431, 0, 0
194, 1, 44, 54, 17, 0, 12.72%, 0, 0, 6, 343.53, 64952, 431, 0, 0
199, 1, 50, 55, 16, 0, 12.72%, 0, 0, 6, 340.33, 66698, 431, 0, 0
204, 2, 27, 55, 12, 0, 12.72%, 0, 0, 6, 337.63, 68394, 431, 0, 0
209, 2, 50, 55, 10, 0, 12.72%, 0, 0, 6, 337.40, 70102, 431, 0, 0
214, 2, 50, 55, 8, 0, 12.72%, 0, 0, 6, 333.99, 71778, 431, 0, 0
219, 2, 17, 55, 8, 0, 12.72%, 0, 0, 6, 327.72, 73484, 431, 0, 0
225, 2, 52, 55, 8, 0, 12.72%, 0, 0, 6, 338.38, 75258, 431, 0, 0
230, 3, 50, 55, 6, 0, 12.72%, 0, 0, 6, 331.48, 76906, 431, 0, 0
235, 3, 19, 55, 6, 0, 12.72%, 0, 0, 6, 330.18, 78586, 431, 0, 0
240, 3, 52, 55, 6, 0, 12.72%, 0, 0, 6, 333.79, 80322, 431, 0, 0
245, 3, 51, 55, 6, 0, 12.72%, 0, 0, 6, 332.97, 81992, 431, 0, 0
250, 4, 47, 55, 6, 0, 12.72%, 0, 0, 6, 335.73, 83680, 431, 0, 0
255, 4, 24, 55, 5, 0, 12.72%, 0, 0, 6, 338.74, 85378, 431, 0, 0
260, 4, 45, 55, 5, 0, 12.72%, 0, 0, 6, 330.62, 87042, 431, 0, 0
265, 4, 44, 55, 5, 0, 12.72%, 0, 0, 6, 332.79, 88708, 431, 0, 0
270, 5, 51, 55, 4, 0, 12.72%, 0, 0, 6, 329.54, 90395, 431, 0, 0
275, 5, 19, 55, 4, 0, 12.72%, 0, 0, 6, 332.05, 92093, 431, 0, 0
280, 5, 31, 55, 4, 0, 12.72%, 0, 0, 6, 335.22, 93769, 431, 0, 0
285, 5, 44, 55, 4, 0, 12.72%, 0, 0, 6, 334.77, 95499, 431, 0, 0
290, 6, 19, 55, 3, 0, 12.72%, 0, 0, 6, 328.52, 97154, 431, 0, 0
296, 6, 19, 55, 3, 0, 12.72%, 0, 0, 6, 335.92, 98906, 431, 0, 0
301, 6, 25, 55, 3, 0, 12.72%, 0, 0, 6, 329.93, 100557, 431, 0, 0
306, 6, 30, 55, 3, 0, 12.72%, 0, 0, 6, 335.36, 102245, 431, 0, 0
311, 7, 52, 56, 4, 0, 12.72%, 0, 0, 6, 334.46, 103958, 431, 0, 0
316, 7, 12, 56, 4, 0, 12.72%, 0, 0, 6, 329.06, 105664, 431, 0, 0
321, 7, 55, 56, 4, 0, 12.72%, 0, 0, 6, 334.53, 107414, 431, 0, 0
326, 7, 27, 56, 3, 0, 12.72%, 0, 0, 6, 333.96, 109081, 431, 0, 0
331, 7, 44, 56, 3, 0, 12.72%, 0, 0, 6, 329.04, 110748, 431, 0, 0
336, 8, 51, 56, 3, 0, 12.72%, 0, 0, 6, 335.05, 112448, 431, 0, 0
342, 8, 12, 56, 3, 0, 12.72%, 0, 0, 6, 329.09, 114142, 431, 0, 0
347, 8, 52, 56, 3, 0, 12.72%, 0, 0, 6, 330.51, 115820, 431, 0, 0
352, 8, 2, 56, 2, 0, 12.72%, 0, 0, 6, 336.50, 117491, 431, 0, 0
357, 9, 19, 56, 2, 0, 12.72%, 0, 0, 6, 336.95, 119178, 431, 0, 0
362, 9, 24, 56, 2, 0, 12.72%, 0, 0, 6, 335.43, 120862, 431, 0, 0
367, 9, 12, 56, 2, 0, 12.72%, 0, 0, 6, 327.18, 122501, 431, 0, 0
372, 9, 14, 56, 2, 0, 12.72%, 0, 0, 6, 324.93, 124147, 431, 0, 0
377, 10, 52, 56, 2, 0, 12.72%, 0, 0, 6, 336.00, 125847, 431, 0, 0
382, 10, 51, 56, 2, 0, 12.72%, 0, 0, 6, 332.33, 127543, 431, 0, 0
387, 10, 4, 56, 2, 0, 12.72%, 0, 0, 6, 327.23, 129259, 431, 0, 0
392, 10, 44, 56, 2, 0, 12.72%, 0, 0, 6, 327.92, 130965, 431, 0, 0
397, 11, 50, 56, 2, 0, 12.72%, 0, 0, 6, 328.14, 132659, 431, 0, 0
403, 11, 12, 56, 2, 0, 12.72%, 0, 0, 6, 331.67, 134401, 431, 0, 0
408, 11, 50, 56, 2, 0, 12.72%, 0, 0, 6, 330.32, 136053, 431, 0, 0
413, 11, 30, 56, 2, 0, 12.72%, 0, 0, 6, 329.15, 137707, 431, 0, 0
418, 11, 45, 56, 2, 0, 12.72%, 0, 0, 6, 325.35, 139407, 431, 0, 0
423, 12, 46, 56, 2, 0, 12.72%, 0, 0, 6, 329.78, 141037, 431, 0, 0
428, 12, 26, 56, 2, 0, 12.72%, 0, 0, 6, 327.41, 142695, 431, 0, 0
433, 12, 52, 56, 2, 0, 12.72%, 0, 0, 6, 338.21, 144407, 431, 0, 0
438, 12, 51, 56, 2, 0, 12.72%, 0, 0, 6, 332.10, 146055, 431, 0, 0
443, 13, 30, 56, 2, 0, 12.72%, 0, 0, 6, 329.49, 147725, 431, 0, 0
448, 13, 51, 56, 2, 0, 12.72%, 0, 0, 6, 333.12, 149397, 431, 0, 0
453, 13, 11, 56, 2, 0, 12.72%, 0, 0, 6, 330.81, 151059, 431, 0, 0
458, 13, 15, 56, 2, 0, 12.72%, 0, 0, 6, 328.93, 152777, 431, 0, 0
463, 14, 51, 56, 2, 0, 12.72%, 0, 0, 6, 334.99, 154449, 431, 0, 0
468, 14, 44, 56, 2, 0, 12.72%, 0, 0, 6, 331.76, 156159, 431, 0, 0
473, 14, 27, 56, 1, 0, 12.72%, 0, 0, 6, 336.24, 157837, 431, 0, 0
478, 14, 18, 56, 1, 0, 12.72%, 0, 0, 6, 332.73, 159477, 431, 0, 0
484, 15, 50, 56, 1, 0, 12.72%, 0, 0, 6, 325.73, 161179, 431, 0, 0
489, 15, 19, 56, 1, 0, 12.72%, 0, 0, 6, 334.13, 162870, 431, 0, 0
494, 15, 52, 56, 1, 0, 12.72%, 0, 0, 6, 333.27, 164533, 431, 0, 0
499, 15, 17, 56, 1, 0, 12.72%, 0, 0, 6, 327.99, 166189, 431, 0, 0
504, 16, 50, 56, 1, 0, 12.72%, 0, 0, 6, 335.17, 167863, 431, 0, 0
509, 16, 4, 56, 1, 0, 12.72%, 0, 0, 6, 324.41, 169543, 431, 0, 0
514, 16, 27, 56, 1, 0, 12.72%, 0, 0, 6, 336.96, 171319, 431, 0, 0
519, 16, 26, 56, 1, 0, 12.72%, 0, 0, 6, 339.77, 173001, 431, 0, 0
524, 17, 2, 56, 1, 0, 12.72%, 0, 0, 6, 336.93, 174749, 431, 0, 0
529, 17, 27, 56, 1, 0, 12.72%, 0, 0, 6, 346.14, 176513, 431, 0, 0
535, 17, 12, 56, 1, 0, 12.72%, 0, 0, 6, 344.87, 178289, 431, 0, 0
540, 17, 51, 56, 1, 0, 12.72%, 0, 0, 6, 338.06, 180051, 431, 0, 0
545, 18, 14, 56, 1, 0, 12.72%, 0, 0, 6, 345.31, 181783, 431, 0, 0
550, 18, 51, 56, 1, 0, 12.72%, 0, 0, 6, 339.37, 183515, 431, 0, 0
555, 18, 24, 56, 1, 0, 12.72%, 0, 0, 6, 340.55, 185243, 431, 0, 0
560, 18, 24, 56, 1, 0, 12.72%, 0, 0, 6, 335.26, 186995, 431, 0, 0
565, 19, 0, 56, 1, 0, 12.72%, 0, 0, 6, 338.80, 188695, 431, 0, 0
570, 19, 52, 56, 1, 0, 12.72%, 0, 0, 6, 337.43, 190391, 431, 0, 0
575, 19, 52, 56, 1, 0, 12.72%, 0, 0, 6, 338.37, 192133, 431, 0, 0
580, 19, 51, 56, 1, 0, 12.72%, 0, 0, 6, 333.43, 193813, 431, 0, 0
586, 20, 50, 56, 1, 0, 12.72%, 0, 0, 6, 341.39, 195595, 431, 0, 0
591, 20, 33, 56, 1, 0, 12.72%, 0, 0, 6, 343.12, 197301, 431, 0, 0
596, 20, 51, 57, 1, 0, 12.72%, 0, 0, 6, 339.49, 199074, 431, 0, 0
599, 20, 50, 57, 0, 0, 12.72%, 0, 0, 6, 333.59, 200290, 431, 0, 0
