# relative_time, cycles_done, cur_item, corpus_count, pending_total, pending_favs, map_size, saved_crashes, saved_hangs, max_depth, execs_per_sec, total_execs, edges_found, total_crashes, servers_count
60, 0, 1, 60, 60, 9, 21.03%, 0, 0, 2, 39.66, 2932, 657, 0, 0
65, 0, 1, 60, 60, 9, 21.03%, 0, 0, 2, 40.09, 3138, 657, 0, 0
71, 0, 1, 60, 60, 9, 21.03%, 0, 0, 2, 39.43, 3338, 657, 0, 0
76, 0, 1, 60, 60, 9, 21.03%, 0, 0, 2, 39.81, 3541, 657, 0, 0
81, 0, 1, 64, 64, 9, 21.13%, 0, 0, 2, 41.28, 3757, 660, 0, 0
86, 0, 1, 64, 64, 9, 21.13%, 0, 0, 2, 39.35, 3958, 660, 0, 0
91, 0, 1, 65, 65, 9, 21.16%, 0, 0, 2, 41.85, 4176, 661, 0, 0
96, 0, 1, 65, 65, 9, 21.16%, 0, 0, 2, 41.85, 4393, 661, 0, 0
101, 0, 1, 65, 65, 9, 21.16%, 0, 0, 2, 44.02, 4612, 661, 0, 0
106, 0, 1, 80, 80, 9, 22.12%, 0, 0, 2, 52.79, 4880, 691, 0, 0
111, 0, 1, 82, 82, 9, 22.18%, 0, 0, 2, 45.22, 5101, 693, 0, 0
116, 0, 1, 101, 101, 9, 24.14%, 0, 0, 2, 48.80, 5365, 754, 0, 0
122, 0, 1, 110, 110, 9, 24.65%, 0, 0, 2, 46.49, 5593, 770, 0, 0
127, 0, 1, 120, 120, 9, 25.48%, 0, 0, 2, 42.86, 5825, 796, 0, 0
132, 0, 1, 120, 120, 9, 25.48%, 0, 0, 2, 40.94, 6030, 796, 0, 0
137, 0, 1, 120, 120, 9, 25.48%, 0, 0, 2, 40.57, 6236, 796, 0, 0
142, 0, 1, 123, 123, 9, 25.51%, 0, 0, 2, 41.44, 6454, 797, 0, 0
147, 0, 1, 125, 125, 9, 25.67%, 0, 0, 2, 41.74, 6671, 802, 0, 0
152, 0, 1, 125, 125, 9, 25.67%, 0, 0, 2, 42.89, 6893, 802, 0, 0
158, 0, 1, 126, 126, 9, 25.70%, 0, 0, 2, 43.86, 7117, 803, 0, 0
163, 0, 1, 126, 126, 9, 25.70%, 0, 0, 2, 43.08, 7335, 803, 0, 0
168, 0, 1, 127, 127, 9, 25.74%, 0, 0, 2, 42.20, 7555, 804, 0, 0
173, 0, 1, 127, 127, 9, 25.74%, 0, 0, 2, 42.07, 7770, 804, 0, 0
178, 0, 1, 127, 127, 9, 25.74%, 0, 0, 2, 42.57, 7989, 804, 0, 0
183, 0, 1, 127, 127, 9, 25.74%, 0, 0, 2, 40.08, 8192, 804, 0, 0
188, 0, 1, 128, 128, 9, 25.74%, 0, 0, 2, 40.46, 8397, 804, 0, 0
193, 0, 1, 128, 128, 9, 25.74%, 0, 0, 2, 39.94, 8601, 804, 0, 0
198, 0, 1, 128, 128, 9, 25.74%, 0, 0, 2, 40.53, 8808, 804, 0, 0
204, 0, 1, 128, 128, 9, 25.74%, 0, 0, 2, 41.41, 9020, 804, 0, 0
209, 0, 1, 128, 128, 9, 25.74%, 0, 0, 2, 42.17, 9238, 804, 0, 0
214, 0, 1, 128, 128, 9, 25.74%, 0, 0, 2, 42.39, 9455, 804, 0, 0
219, 0, 1, 128, 128, 9, 25.74%, 0, 0, 2, 42.62, 9673, 804, 0, 0
224, 0, 1, 128, 128, 9, 25.74%, 0, 0, 2, 43.04, 9891, 804, 0, 0
229, 0, 1, 128, 128, 9, 25.74%, 0, 0, 2, 42.96, 10109, 804, 0, 0
234, 0, 1, 128, 128, 9, 25.74%, 0, 0, 2, 43.22, 10326, 804, 0, 0
239, 0, 1, 128, 128, 9, 25.74%, 0, 0, 2, 43.52, 10546, 804, 0, 0
244, 0, 1, 128, 128, 9, 25.74%, 0, 0, 2, 42.09, 10761, 804, 0, 0
249, 0, 1, 128, 128, 9, 25.74%, 0, 0, 2, 41.24, 10972, 804, 0, 0
255, 0, 1, 128, 128, 9, 25.74%, 0, 0, 2, 41.47, 11184, 804, 0, 0
260, 0, 1, 128, 128, 9, 25.74%, 0, 0, 2, 40.59, 11393, 804, 0, 0
265, 0, 1, 129, 129, 9, 25.74%, 0, 0, 2, 42.26, 11613, 804, 0, 0
270, 0, 1, 130, 130, 9, 25.74%, 0, 0, 2, 43.84, 11839, 804, 0, 0
275, 0, 1, 130, 130, 9, 25.74%, 0, 0, 2, 43.10, 12059, 804, 0, 0
280, 0, 1, 130, 130, 9, 25.74%, 0, 0, 2, 43.39, 12278, 804, 0, 0
285, 0, 1, 130, 130, 9, 25.74%, 0, 0, 2, 44.28, 12503, 804, 0, 0
290, 0, 1, 130, 130, 9, 25.74%, 0, 0, 2, 43.53, 12726, 804, 0, 0
295, 0, 1, 130, 130, 9, 25.74%, 0, 0, 2, 41.39, 12934, 804, 0, 0
300, 0, 1, 130, 130, 9, 25.74%, 0, 0, 2, 41.93, 13109, 804, 0, 0
